1	1.000000000	-3.685	
2	1.005625000	-3.696	
3	1.011250000	-3.767	
4	1.016875000	-3.847	
5	1.022500000	-3.922	
6	1.028125000	-3.945	
7	1.033750000	-3.918	
8	1.039375000	-3.816	
9	1.045000000	-3.696	
10	1.050625000	-3.555	
11	1.056250000	-3.472	
12	1.061875000	-3.421	
13	1.067500000	-3.436	
14	1.073125000	-3.475	
15	1.078750000	-3.538	
16	1.084375000	-3.592	
17	1.090000000	-3.627	
18	1.095625000	-3.606	
19	1.101250000	-3.558	
20	1.106875000	-3.494	
21	1.112500000	-3.431	
22	1.118125000	-3.385	
23	1.123750000	-3.371	
24	1.129375000	-3.365	
25	1.135000000	-3.395	
26	1.140625000	-3.403	
27	1.146250000	-3.415	
28	1.151875000	-3.407	
29	1.157500000	-3.387	
30	1.163125000	-3.347	
31	1.168750000	-3.338	
32	1.174375000	-3.322	
33	1.180000000	-3.339	
34	1.185625000	-3.352	
35	1.191250000	-3.387	
36	1.196875000	-3.413	
37	1.202500000	-3.422	
38	1.208125000	-3.397	
39	1.213750000	-3.375	
40	1.219375000	-3.365	
41	1.225000000	-3.394	
42	1.230625000	-3.446	
43	1.236250000	-3.539	
44	1.241875000	-3.630	
45	1.247500000	-3.716	
46	1.253125000	-3.781	
47	1.258750000	-3.842	
48	1.264375000	-3.873	
49	1.270000000	-3.848	
50	1.275625000	-3.827	
51	1.281250000	-3.811	
52	1.286875000	-3.827	
53	1.292500000	-3.885	
54	1.298125000	-3.967	
55	1.303750000	-4.068	
56	1.309375000	-4.151	
57	1.315000000	-4.188	
58	1.320625000	-4.199	
59	1.326250000	-4.177	
60	1.331875000	-4.110	
61	1.337500000	-4.085	
62	1.343125000	-4.046	
63	1.348750000	-4.066	
64	1.354375000	-4.131	
65	1.360000000	-4.296	
66	1.365625000	-4.442	
67	1.371250000	-4.602	
68	1.376875000	-4.711	
69	1.382500000	-4.780	
70	1.388125000	-4.781	
71	1.393750000	-4.708	
72	1.399375000	-4.643	
73	1.405000000	-4.627	
74	1.410625000	-4.622	
75	1.416250000	-4.742	
76	1.421875000	-4.895	
77	1.427500000	-5.123	
78	1.433125000	-5.266	
79	1.438750000	-5.511	
80	1.444375000	-5.585	
81	1.450000000	-5.579	
82	1.455625000	-5.487	
83	1.461250000	-5.361	
84	1.466875000	-5.194	
85	1.472500000	-5.126	
86	1.478125000	-5.146	
87	1.483750000	-5.312	
88	1.489375000	-5.486	
89	1.495000000	-5.739	
90	1.500625000	-5.934	
91	1.506250000	-6.052	
92	1.511875000	-6.104	
93	1.517500000	-6.050	
94	1.523125000	-5.944	
95	1.528750000	-5.720	
96	1.534375000	-5.640	
97	1.540000000	-5.653	
98	1.545625000	-5.747	
99	1.551250000	-5.943	
100	1.556875000	-6.250	
101	1.562500000	-6.629	
102	1.568125000	-6.898	
103	1.573750000	-7.086	
104	1.579375000	-7.132	
105	1.585000000	-7.089	
106	1.590625000	-6.832	
107	1.596250000	-6.639	
108	1.601875000	-6.521	
109	1.607500000	-6.480	
110	1.613125000	-6.570	
111	1.618750000	-6.857	
112	1.624375000	-7.221	
113	1.630000000	-7.727	
114	1.635625000	-8.220	
115	1.641250000	-8.484	
116	1.646875000	-8.417	
117	1.652500000	-8.116	
118	1.658125000	-7.873	
119	1.663750000	-7.620	
120	1.669375000	-7.537	
121	1.675000000	-7.656	
122	1.680625000	-7.933	
123	1.686250000	-8.404	
124	1.691875000	-9.118	
125	1.697500000	-9.851	
126	1.703125000	-10.227	
127	1.708750000	-10.122	
128	1.714375000	-9.655	
129	1.720000000	-8.911	
130	1.725625000	-8.255	
131	1.731250000	-7.846	
132	1.736875000	-7.639	
133	1.742500000	-7.693	
134	1.748125000	-8.044	
135	1.753750000	-8.647	
136	1.759375000	-9.373	
137	1.765000000	-9.798	
138	1.770625000	-9.832	
139	1.776250000	-9.329	
140	1.781875000	-8.619	
141	1.787500000	-7.932	
142	1.793125000	-7.342	
143	1.798750000	-6.990	
144	1.804375000	-6.919	
145	1.810000000	-7.001	
146	1.815625000	-7.321	
147	1.821250000	-7.785	
148	1.826875000	-8.362	
149	1.832500000	-8.698	
150	1.838125000	-8.536	
151	1.843750000	-8.027	
152	1.849375000	-7.251	
153	1.855000000	-6.520	
154	1.860625000	-6.058	
155	1.866250000	-5.831	
156	1.871875000	-5.772	
157	1.877500000	-5.822	
158	1.883125000	-6.102	
159	1.888750000	-6.579	
160	1.894375000	-7.042	
161	1.900000000	-7.346	
162	1.905625000	-7.278	
163	1.911250000	-6.846	
164	1.916875000	-6.267	
165	1.922500000	-5.681	
166	1.928125000	-5.301	
167	1.933750000	-5.087	
168	1.939375000	-4.961	
169	1.945000000	-5.125	
170	1.950625000	-5.389	
171	1.956250000	-5.719	
172	1.961875000	-6.108	
173	1.967500000	-6.404	
174	1.973125000	-6.398	
175	1.978750000	-6.071	
176	1.984375000	-5.577	
177	1.990000000	-5.088	
178	1.995625000	-4.661	
179	2.001250000	-4.381	
180	2.006875000	-4.285	
181	2.012500000	-4.355	
182	2.018125000	-4.513	
183	2.023750000	-4.762	
184	2.029375000	-5.084	
185	2.035000000	-5.389	
186	2.040625000	-5.575	
187	2.046250000	-5.476	
188	2.051875000	-5.106	
189	2.057500000	-4.667	
190	2.063125000	-4.221	
191	2.068750000	-3.891	
192	2.074375000	-3.714	
193	2.080000000	-3.695	
194	2.085625000	-3.752	
195	2.091250000	-3.966	
196	2.096875000	-4.307	
197	2.102500000	-4.695	
198	2.108125000	-4.962	
199	2.113750000	-4.990	
200	2.119375000	-4.753	
201	2.125000000	-4.368	
202	2.130625000	-3.904	
203	2.136250000	-3.492	
204	2.141875000	-3.195	
205	2.147500000	-3.058	
206	2.153125000	-3.109	
207	2.158750000	-3.314	
208	2.164375000	-3.623	
209	2.170000000	-4.020	
210	2.175625000	-4.314	
211	2.181250000	-4.397	
212	2.186875000	-4.212	
213	2.192500000	-3.852	
214	2.198125000	-3.406	
215	2.203750000	-3.018	
216	2.209375000	-2.773	
217	2.215000000	-2.710	
218	2.220625000	-2.821	
219	2.226250000	-3.116	
220	2.231875000	-3.463	
221	2.237500000	-3.828	
222	2.243125000	-4.130	
223	2.248750000	-4.278	
224	2.254375000	-4.140	
225	2.260000000	-3.795	
226	2.265625000	-3.357	
227	2.271250000	-3.004	
228	2.276875000	-2.795	
229	2.282500000	-2.746	
230	2.288125000	-2.853	
231	2.293750000	-3.090	
232	2.299375000	-3.395	
233	2.305000000	-3.754	
234	2.310625000	-4.074	
235	2.316250000	-4.206	
236	2.321875000	-4.142	
237	2.327500000	-3.889	
238	2.333125000	-3.561	
239	2.338750000	-3.267	
240	2.344375000	-3.046	
241	2.350000000	-2.942	
242	2.355625000	-2.977	
243	2.361250000	-3.148	
244	2.366875000	-3.382	
245	2.372500000	-3.657	
246	2.378125000	-3.930	
247	2.383750000	-4.132	
248	2.389375000	-4.177	
249	2.395000000	-4.030	
250	2.400625000	-3.757	
251	2.406250000	-3.458	
252	2.411875000	-3.206	
253	2.417500000	-3.091	
254	2.423125000	-3.012	
255	2.428750000	-3.080	
256	2.434375000	-3.270	
257	2.440000000	-3.529	
258	2.445625000	-3.810	
259	2.451250000	-4.148	
260	2.456875000	-4.378	
261	2.462500000	-4.368	
262	2.468125000	-4.158	
263	2.473750000	-3.880	
264	2.479375000	-3.578	
265	2.485000000	-3.301	
266	2.490625000	-3.124	
267	2.496250000	-3.069	
268	2.501875000	-3.163	
269	2.507500000	-3.423	
270	2.513125000	-3.772	
271	2.518750000	-4.163	
272	2.524375000	-4.455	
273	2.530000000	-4.570	
274	2.535625000	-4.452	
275	2.541250000	-4.140	
276	2.546875000	-3.782	
277	2.552500000	-3.494	
278	2.558125000	-3.274	
279	2.563750000	-3.232	
280	2.569375000	-3.333	
281	2.575000000	-3.634	
282	2.580625000	-3.971	
283	2.586250000	-4.395	
284	2.591875000	-4.694	
285	2.597500000	-4.853	
286	2.603125000	-4.753	
287	2.608750000	-4.468	
288	2.614375000	-4.079	
289	2.620000000	-3.757	
290	2.625625000	-3.566	
291	2.631250000	-3.523	
292	2.636875000	-3.649	
293	2.642500000	-3.911	
294	2.648125000	-4.244	
295	2.653750000	-4.612	
296	2.659375000	-4.919	
297	2.665000000	-5.099	
298	2.670625000	-5.070	
299	2.676250000	-4.837	
300	2.681875000	-4.519	
301	2.687500000	-4.228	
302	2.693125000	-4.064	
303	2.698750000	-4.034	
304	2.704375000	-4.128	
305	2.710000000	-4.322	
306	2.715625000	-4.593	
307	2.721250000	-4.917	
308	2.726875000	-5.200	
309	2.732500000	-5.412	
310	2.738125000	-5.476	
311	2.743750000	-5.397	
312	2.749375000	-5.223	
313	2.755000000	-4.999	
314	2.760625000	-4.816	
315	2.766250000	-4.714	
316	2.771875000	-4.703	
317	2.777500000	-4.777	
318	2.783125000	-4.935	
319	2.788750000	-5.183	
320	2.794375000	-5.439	
321	2.800000000	-5.669	
322	2.805625000	-5.840	
323	2.811250000	-5.843	
324	2.816875000	-5.721	
325	2.822500000	-5.499	
326	2.828125000	-5.241	
327	2.833750000	-5.038	
328	2.839375000	-4.905	
329	2.845000000	-4.860	
330	2.850625000	-4.933	
331	2.856250000	-5.107	
332	2.861875000	-5.353	
333	2.867500000	-5.603	
334	2.873125000	-5.793	
335	2.878750000	-5.850	
336	2.884375000	-5.746	
337	2.890000000	-5.532	
338	2.895625000	-5.280	
339	2.901250000	-5.028	
340	2.906875000	-4.867	
341	2.912500000	-4.822	
342	2.918125000	-4.900	
343	2.923750000	-5.099	
344	2.929375000	-5.371	
345	2.935000000	-5.673	
346	2.940625000	-5.902	
347	2.946250000	-5.959	
348	2.951875000	-5.818	
349	2.957500000	-5.582	
350	2.963125000	-5.349	
351	2.968750000	-5.116	
352	2.974375000	-4.940	
353	2.980000000	-4.937	
354	2.985625000	-5.113	
355	2.991250000	-5.390	
356	2.996875000	-5.701	
357	3.002500000	-5.982	
358	3.008125000	-6.140	
359	3.013750000	-6.179	
360	3.019375000	-5.986	
361	3.025000000	-5.717	
362	3.030625000	-5.438	
363	3.036250000	-5.259	
364	3.041875000	-5.171	
365	3.047500000	-5.210	
366	3.053125000	-5.352	
367	3.058750000	-5.561	
368	3.064375000	-5.739	
369	3.070000000	-5.857	
370	3.075625000	-5.853	
371	3.081250000	-5.746	
372	3.086875000	-5.546	
373	3.092500000	-5.264	
374	3.098125000	-5.066	
375	3.103750000	-4.991	
376	3.109375000	-5.009	
377	3.115000000	-5.131	
378	3.120625000	-5.321	
379	3.126250000	-5.542	
380	3.131875000	-5.706	
381	3.137500000	-5.785	
382	3.143125000	-5.794	
383	3.148750000	-5.669	
384	3.154375000	-5.515	
385	3.160000000	-5.335	
386	3.165625000	-5.193	
387	3.171250000	-5.141	
388	3.176875000	-5.174	
389	3.182500000	-5.284	
390	3.188125000	-5.445	
391	3.193750000	-5.633	
392	3.199375000	-5.807	
393	3.205000000	-5.928	
394	3.210625000	-5.948	
395	3.216250000	-5.878	
396	3.221875000	-5.703	
397	3.227500000	-5.510	
398	3.233125000	-5.331	
399	3.238750000	-5.209	
400	3.244375000	-5.155	
401	3.250000000	-5.200	
402	3.255625000	-5.335	
403	3.261250000	-5.538	
404	3.266875000	-5.777	
405	3.272500000	-5.979	
406	3.278125000	-6.084	
407	3.283750000	-6.061	
408	3.289375000	-5.891	
409	3.295000000	-5.644	
410	3.300625000	-5.363	
411	3.306250000	-5.146	
412	3.311875000	-4.946	
413	3.317500000	-4.914	
414	3.323125000	-5.041	
415	3.328750000	-5.333	
416	3.334375000	-5.733	
417	3.340000000	-6.146	
418	3.345625000	-6.508	
419	3.351250000	-6.634	
420	3.356875000	-6.569	
421	3.362500000	-6.199	
422	3.368125000	-5.743	
423	3.373750000	-5.347	
424	3.379375000	-5.085	
425	3.385000000	-4.988	
426	3.390625000	-5.081	
427	3.396250000	-5.364	
428	3.401875000	-5.792	
429	3.407500000	-6.287	
430	3.413125000	-6.731	
431	3.418750000	-6.970	
432	3.424375000	-6.888	
433	3.430000000	-6.523	
434	3.435625000	-6.074	
435	3.441250000	-5.651	
436	3.446875000	-5.370	
437	3.452500000	-5.288	
438	3.458125000	-5.336	
439	3.463750000	-5.586	
440	3.469375000	-6.013	
441	3.475000000	-6.545	
442	3.480625000	-7.038	
443	3.486250000	-7.385	
444	3.491875000	-7.471	
445	3.497500000	-7.266	
446	3.503125000	-6.853	
447	3.508750000	-6.398	
448	3.514375000	-6.070	
449	3.520000000	-5.930	
450	3.525625000	-5.973	
451	3.531250000	-6.154	
452	3.536875000	-6.512	
453	3.542500000	-7.011	
454	3.548125000	-7.559	
455	3.553750000	-8.032	
456	3.559375000	-8.296	
457	3.565000000	-8.260	
458	3.570625000	-7.940	
459	3.576250000	-7.469	
460	3.581875000	-7.051	
461	3.587500000	-6.829	
462	3.593125000	-6.675	
463	3.598750000	-6.719	
464	3.604375000	-6.938	
465	3.610000000	-7.376	
466	3.615625000	-7.912	
467	3.621250000	-8.582	
468	3.626875000	-9.092	
469	3.632500000	-9.347	
470	3.638125000	-9.212	
471	3.643750000	-8.751	
472	3.649375000	-8.213	
473	3.655000000	-7.731	
474	3.660625000	-7.399	
475	3.666250000	-7.268	
476	3.671875000	-7.396	
477	3.677500000	-7.692	
478	3.683125000	-8.270	
479	3.688750000	-9.052	
480	3.694375000	-9.934	
481	3.700000000	-10.635	
482	3.705625000	-10.888	
483	3.711250000	-10.539	
484	3.716875000	-9.839	
485	3.722500000	-9.093	
486	3.728125000	-8.535	
487	3.733750000	-8.179	
488	3.739375000	-8.119	
489	3.745000000	-8.366	
490	3.750625000	-8.932	
491	3.756250000	-9.771	
492	3.761875000	-10.827	
493	3.767500000	-11.922	
494	3.773125000	-12.691	
495	3.778750000	-12.701	
496	3.784375000	-11.998	
497	3.790000000	-11.054	
498	3.795625000	-10.216	
499	3.801250000	-9.677	
500	3.806875000	-9.431	
501	3.812500000	-9.471	
502	3.818125000	-9.904	
503	3.823750000	-10.579	
504	3.829375000	-11.676	
505	3.835000000	-12.976	
506	3.840625000	-14.356	
507	3.846250000	-15.281	
508	3.851875000	-15.318	
509	3.857500000	-14.549	
510	3.863125000	-13.503	
511	3.868750000	-12.598	
512	3.874375000	-12.063	
513	3.880000000	-11.818	
514	3.885625000	-11.918	
515	3.891250000	-12.394	
516	3.896875000	-13.179	
517	3.902500000	-14.272	
518	3.908125000	-15.805	
519	3.913750000	-17.619	
520	3.919375000	-19.063	
521	3.925000000	-19.063	
522	3.930625000	-17.719	
523	3.936250000	-16.162	
524	3.941875000	-14.989	
525	3.947500000	-14.291	
526	3.953125000	-13.962	
527	3.958750000	-14.010	
528	3.964375000	-14.467	
529	3.970000000	-15.333	
530	3.975625000	-16.763	
531	3.981250000	-18.703	
532	3.986875000	-21.363	
533	3.992500000	-24.580	
534	3.998125000	-26.229	
535	4.003750000	-24.120	
536	4.009375000	-21.280	
537	4.015000000	-19.301	
538	4.020625000	-17.933	
539	4.026250000	-16.969	
540	4.031875000	-16.499	
541	4.037500000	-16.321	
542	4.043125000	-16.496	
543	4.048750000	-16.972	
544	4.054375000	-17.927	
545	4.060000000	-19.306	
546	4.065625000	-21.327	
547	4.071250000	-24.045	
548	4.076875000	-26.592	
549	4.082500000	-26.374	
550	4.088125000	-23.698	
551	4.093750000	-21.172	
552	4.099375000	-19.310	
553	4.105000000	-17.825	
554	4.110625000	-16.875	
555	4.116250000	-16.241	
556	4.121875000	-15.852	
557	4.127500000	-15.856	
558	4.133125000	-16.271	
559	4.138750000	-17.131	
560	4.144375000	-18.311	
561	4.150000000	-19.551	
562	4.155625000	-20.407	
563	4.161250000	-20.037	
564	4.166875000	-18.661	
565	4.172500000	-17.058	
566	4.178125000	-15.655	
567	4.183750000	-14.661	
568	4.189375000	-14.031	
569	4.195000000	-13.688	
570	4.200625000	-13.643	
571	4.206250000	-13.921	
572	4.211875000	-14.466	
573	4.217500000	-15.193	
574	4.223125000	-15.978	
575	4.228750000	-16.439	
576	4.234375000	-16.302	
577	4.240000000	-15.496	
578	4.245625000	-14.442	
579	4.251250000	-13.473	
580	4.256875000	-12.667	
581	4.262500000	-12.043	
582	4.268125000	-11.621	
583	4.273750000	-11.412	
584	4.279375000	-11.458	
585	4.285000000	-11.752	
586	4.290625000	-12.172	
587	4.296250000	-12.681	
588	4.301875000	-13.147	
589	4.307500000	-13.335	
590	4.313125000	-13.102	
591	4.318750000	-12.516	
592	4.324375000	-11.787	
593	4.330000000	-11.115	
594	4.335625000	-10.530	
595	4.341250000	-10.113	
596	4.346875000	-9.851	
597	4.352500000	-9.794	
598	4.358125000	-10.005	
599	4.363750000	-10.415	
600	4.369375000	-10.918	
601	4.375000000	-11.453	
602	4.380625000	-11.752	
603	4.386250000	-11.653	
604	4.391875000	-11.254	
605	4.397500000	-10.640	
606	4.403125000	-9.982	
607	4.408750000	-9.471	
608	4.414375000	-9.130	
609	4.420000000	-8.929	
610	4.425625000	-9.020	
611	4.431250000	-9.266	
612	4.436875000	-9.743	
613	4.442500000	-10.270	
614	4.448125000	-10.747	
615	4.453750000	-10.961	
616	4.459375000	-10.800	
617	4.465000000	-10.290	
618	4.470625000	-9.675	
619	4.476250000	-9.087	
620	4.481875000	-8.640	
621	4.487500000	-8.428	
622	4.493125000	-8.390	
623	4.498750000	-8.509	
624	4.504375000	-8.822	
625	4.510000000	-9.228	
626	4.515625000	-9.711	
627	4.521250000	-10.128	
628	4.526875000	-10.330	
629	4.532500000	-10.158	
630	4.538125000	-9.754	
631	4.543750000	-9.214	
632	4.549375000	-8.740	
633	4.555000000	-8.393	
634	4.560625000	-8.133	
635	4.566250000	-8.057	
636	4.571875000	-8.190	
637	4.577500000	-8.442	
638	4.583125000	-8.889	
639	4.588750000	-9.502	
640	4.594375000	-10.119	
641	4.600000000	-10.567	
642	4.605625000	-10.571	
643	4.611250000	-10.204	
644	4.616875000	-9.641	
645	4.622500000	-9.000	
646	4.628125000	-8.494	
647	4.633750000	-8.128	
648	4.639375000	-7.973	
649	4.645000000	-7.989	
650	4.650625000	-8.193	
651	4.656250000	-8.672	
652	4.661875000	-9.299	
653	4.667500000	-9.831	
654	4.673125000	-10.117	
655	4.678750000	-10.044	
656	4.684375000	-9.484	
657	4.690000000	-8.805	
658	4.695625000	-8.129	
659	4.701250000	-7.601	
660	4.706875000	-7.282	
661	4.712500000	-7.191	
662	4.718125000	-7.409	
663	4.723750000	-7.910	
664	4.729375000	-8.649	
665	4.735000000	-9.514	
666	4.740625000	-10.216	
667	4.746250000	-10.497	
668	4.751875000	-10.281	
669	4.757500000	-9.615	
670	4.763125000	-8.801	
671	4.768750000	-8.080	
672	4.774375000	-7.557	
673	4.780000000	-7.374	
674	4.785625000	-7.447	
675	4.791250000	-7.830	
676	4.796875000	-8.445	
677	4.802500000	-9.265	
678	4.808125000	-10.096	
679	4.813750000	-10.772	
680	4.819375000	-10.994	
681	4.825000000	-10.494	
682	4.830625000	-9.672	
683	4.836250000	-8.796	
684	4.841875000	-8.083	
685	4.847500000	-7.666	
686	4.853125000	-7.531	
687	4.858750000	-7.672	
688	4.864375000	-8.066	
689	4.870000000	-8.684	
690	4.875625000	-9.456	
691	4.881250000	-10.299	
692	4.886875000	-10.956	
693	4.892500000	-11.031	
694	4.898125000	-10.499	
695	4.903750000	-9.680	
696	4.909375000	-8.908	
697	4.915000000	-8.346	
698	4.920625000	-8.004	
699	4.926250000	-7.908	
700	4.931875000	-8.074	
701	4.937500000	-8.488	
702	4.943125000	-9.119	
703	4.948750000	-10.002	
704	4.954375000	-10.927	
705	4.960000000	-11.502	
706	4.965625000	-11.474	
707	4.971250000	-10.882	
708	4.976875000	-10.049	
709	4.982500000	-9.245	
710	4.988125000	-8.650	
711	4.993750000	-8.356	
712	4.999375000	-8.347	
713	5.005000000	-8.664	
714	5.010625000	-9.310	
715	5.016250000	-10.238	
716	5.021875000	-11.381	
717	5.027500000	-12.338	
718	5.033125000	-12.593	
719	5.038750000	-12.022	
720	5.044375000	-11.023	
721	5.050000000	-10.014	
722	5.055625000	-9.233	
723	5.061250000	-8.738	
724	5.066875000	-8.629	
725	5.072500000	-8.932	
726	5.078125000	-9.553	
727	5.083750000	-10.587	
728	5.089375000	-11.875	
729	5.095000000	-13.113	
730	5.100625000	-13.701	
731	5.106250000	-13.254	
732	5.111875000	-12.151	
733	5.117500000	-10.933	
734	5.123125000	-9.942	
735	5.128750000	-9.354	
736	5.134375000	-9.201	
737	5.140000000	-9.459	
738	5.145625000	-10.058	
739	5.151250000	-11.014	
740	5.156875000	-12.225	
741	5.162500000	-13.464	
742	5.168125000	-14.299	
743	5.173750000	-14.165	
744	5.179375000	-13.136	
745	5.185000000	-11.933	
746	5.190625000	-10.934	
747	5.196250000	-10.331	
748	5.201875000	-10.164	
749	5.207500000	-10.366	
750	5.213125000	-10.850	
751	5.218750000	-11.702	
752	5.224375000	-12.876	
753	5.230000000	-14.144	
754	5.235625000	-15.026	
755	5.241250000	-14.942	
756	5.246875000	-13.916	
757	5.252500000	-12.664	
758	5.258125000	-11.661	
759	5.263750000	-11.007	
760	5.269375000	-10.749	
761	5.275000000	-10.896	
762	5.280625000	-11.303	
763	5.286250000	-12.097	
764	5.291875000	-13.215	
765	5.297500000	-14.488	
766	5.303125000	-15.460	
767	5.308750000	-15.373	
768	5.314375000	-14.358	
769	5.320000000	-13.128	
770	5.325625000	-12.075	
771	5.331250000	-11.374	
772	5.336875000	-10.999	
773	5.342500000	-11.027	
774	5.348125000	-11.425	
775	5.353750000	-12.173	
776	5.359375000	-13.280	
777	5.365000000	-14.545	
778	5.370625000	-15.564	
779	5.376250000	-15.577	
780	5.381875000	-14.554	
781	5.387500000	-13.245	
782	5.393125000	-12.140	
783	5.398750000	-11.378	
784	5.404375000	-10.918	
785	5.410000000	-10.866	
786	5.415625000	-11.140	
787	5.421250000	-11.812	
788	5.426875000	-12.823	
789	5.432500000	-14.011	
790	5.438125000	-14.948	
791	5.443750000	-15.169	
792	5.449375000	-14.499	
793	5.455000000	-13.385	
794	5.460625000	-12.284	
795	5.466250000	-11.474	
796	5.471875000	-11.051	
797	5.477500000	-10.878	
798	5.483125000	-11.048	
799	5.488750000	-11.584	
800	5.494375000	-12.314	
801	5.500000000	-13.188	
802	5.505625000	-13.922	
803	5.511250000	-14.204	
804	5.516875000	-13.844	
805	5.522500000	-13.042	
806	5.528125000	-12.189	
807	5.533750000	-11.455	
808	5.539375000	-11.019	
809	5.545000000	-10.907	
810	5.550625000	-11.051	
811	5.556250000	-11.421	
812	5.561875000	-11.909	
813	5.567500000	-12.444	
814	5.573125000	-12.851	
815	5.578750000	-13.014	
816	5.584375000	-12.787	
817	5.590000000	-12.317	
818	5.595625000	-11.740	
819	5.601250000	-11.291	
820	5.606875000	-10.904	
821	5.612500000	-10.769	
822	5.618125000	-10.811	
823	5.623750000	-10.999	
824	5.629375000	-11.291	
825	5.635000000	-11.595	
826	5.640625000	-11.836	
827	5.646250000	-11.946	
828	5.651875000	-11.869	
829	5.657500000	-11.611	
830	5.663125000	-11.261	
831	5.668750000	-10.917	
832	5.674375000	-10.652	
833	5.680000000	-10.479	
834	5.685625000	-10.414	
835	5.691250000	-10.436	
836	5.696875000	-10.552	
837	5.702500000	-10.722	
838	5.708125000	-10.907	
839	5.713750000	-11.026	
840	5.719375000	-11.004	
841	5.725000000	-10.872	
842	5.730625000	-10.586	
843	5.736250000	-10.305	
844	5.741875000	-10.049	
845	5.747500000	-9.888	
846	5.753125000	-9.841	
847	5.758750000	-9.854	
848	5.764375000	-10.038	
849	5.770000000	-10.367	
850	5.775625000	-10.590	
851	5.781250000	-10.777	
852	5.786875000	-10.732	
853	5.792500000	-10.501	
854	5.798125000	-10.159	
855	5.803750000	-9.811	
856	5.809375000	-9.402	
857	5.815000000	-9.160	
858	5.820625000	-9.054	
859	5.826250000	-9.095	
860	5.831875000	-9.356	
861	5.837500000	-9.665	
862	5.843125000	-10.013	
863	5.848750000	-10.221	
864	5.854375000	-10.245	
865	5.860000000	-10.082	
866	5.865625000	-9.730	
867	5.871250000	-9.350	
868	5.876875000	-9.081	
869	5.882500000	-8.835	
870	5.888125000	-8.853	
871	5.893750000	-9.067	
872	5.899375000	-9.423	
873	5.905000000	-9.894	
874	5.910625000	-10.212	
875	5.916250000	-10.433	
876	5.921875000	-10.430	
877	5.927500000	-10.062	
878	5.933125000	-9.611	
879	5.938750000	-9.141	
880	5.944375000	-8.809	
881	5.950000000	-8.732	
882	5.955625000	-8.773	
883	5.961250000	-9.090	
884	5.966875000	-9.590	
885	5.972500000	-10.096	
886	5.978125000	-10.584	
887	5.983750000	-10.862	
888	5.989375000	-10.826	
889	5.995000000	-10.481	
890	6.000625000	-9.981	
891	6.006250000	-9.450	
892	6.011875000	-9.144	
893	6.017500000	-8.947	
894	6.023125000	-8.962	
895	6.028750000	-9.149	
896	6.034375000	-9.444	
897	6.040000000	-9.844	
898	6.045625000	-10.240	
899	6.051250000	-10.627	
900	6.056875000	-10.851	
901	6.062500000	-10.801	
902	6.068125000	-10.510	
903	6.073750000	-10.157	
904	6.079375000	-9.746	
905	6.085000000	-9.482	
906	6.090625000	-9.393	
907	6.096250000	-9.441	
908	6.101875000	-9.661	
909	6.107500000	-9.857	
910	6.113125000	-10.243	
911	6.118750000	-10.555	
912	6.124375000	-10.884	
913	6.130000000	-11.012	
914	6.135625000	-10.888	
915	6.141250000	-10.663	
916	6.146875000	-10.301	
917	6.152500000	-9.948	
918	6.158125000	-9.714	
919	6.163750000	-9.606	
920	6.169375000	-9.606	
921	6.175000000	-9.791	
922	6.180625000	-10.108	
923	6.186250000	-10.568	
924	6.191875000	-11.095	
925	6.197500000	-11.460	
926	6.203125000	-11.547	
927	6.208750000	-11.332	
928	6.214375000	-10.887	
929	6.220000000	-10.386	
930	6.225625000	-9.922	
931	6.231250000	-9.622	
932	6.236875000	-9.541	
933	6.242500000	-9.590	
934	6.248125000	-9.989	
935	6.253750000	-10.587	
936	6.259375000	-11.350	
937	6.265000000	-12.071	
938	6.270625000	-12.526	
939	6.276250000	-12.532	
940	6.281875000	-12.104	
941	6.287500000	-11.410	
942	6.293125000	-10.770	
943	6.298750000	-10.209	
944	6.304375000	-9.929	
945	6.310000000	-9.955	
946	6.315625000	-10.277	
947	6.321250000	-10.837	
948	6.326875000	-11.609	
949	6.332500000	-12.431	
950	6.338125000	-13.125	
951	6.343750000	-13.410	
952	6.349375000	-13.179	
953	6.355000000	-12.523	
954	6.360625000	-11.774	
955	6.366250000	-11.162	
956	6.371875000	-10.838	
957	6.377500000	-10.821	
958	6.383125000	-11.066	
959	6.388750000	-11.553	
960	6.394375000	-12.268	
961	6.400000000	-13.176	
962	6.405625000	-14.106	
963	6.411250000	-14.943	
964	6.416875000	-15.326	
965	6.422500000	-15.017	
966	6.428125000	-14.328	
967	6.433750000	-13.591	
968	6.439375000	-12.951	
969	6.445000000	-12.591	
970	6.450625000	-12.518	
971	6.456250000	-12.763	
972	6.461875000	-13.268	
973	6.467500000	-14.034	
974	6.473125000	-15.078	
975	6.478750000	-16.243	
976	6.484375000	-17.330	
977	6.490000000	-17.632	
978	6.495625000	-17.091	
979	6.501250000	-16.141	
980	6.506875000	-15.163	
981	6.512500000	-14.446	
982	6.518125000	-14.027	
983	6.523750000	-13.905	
984	6.529375000	-14.070	
985	6.535000000	-14.525	
986	6.540625000	-15.310	
987	6.546250000	-16.428	
988	6.551875000	-17.799	
989	6.557500000	-19.287	
990	6.563125000	-20.229	
991	6.568750000	-19.860	
992	6.574375000	-18.628	
993	6.580000000	-17.298	
994	6.585625000	-16.061	
995	6.591250000	-15.173	
996	6.596875000	-14.558	
997	6.602500000	-14.216	
998	6.608125000	-14.303	
999	6.613750000	-14.525	
1000	6.619375000	-15.091	
1001	6.625000000	-15.914	
1002	6.630625000	-16.996	
1003	6.636250000	-17.713	
1004	6.641875000	-17.876	
1005	6.647500000	-17.274	
1006	6.653125000	-16.278	
1007	6.658750000	-15.200	
1008	6.664375000	-14.250	
1009	6.670000000	-13.551	
1010	6.675625000	-13.138	
1011	6.681250000	-13.065	
1012	6.686875000	-13.331	
1013	6.692500000	-13.851	
1014	6.698125000	-14.574	
1015	6.703750000	-15.374	
1016	6.709375000	-15.965	
1017	6.715000000	-15.984	
1018	6.720625000	-15.387	
1019	6.726250000	-14.397	
1020	6.731875000	-13.349	
1021	6.737500000	-12.491	
1022	6.743125000	-11.926	
1023	6.748750000	-11.633	
1024	6.754375000	-11.658	
1025	6.760000000	-11.832	
1026	6.765625000	-12.252	
1027	6.771250000	-12.787	
1028	6.776875000	-13.382	
1029	6.782500000	-13.649	
1030	6.788125000	-13.630	
1031	6.793750000	-13.328	
1032	6.799375000	-12.660	
1033	6.805000000	-12.025	
1034	6.810625000	-11.547	
1035	6.816250000	-11.214	
1036	6.821875000	-11.091	
1037	6.827500000	-11.122	
1038	6.833125000	-11.246	
1039	6.838750000	-11.498	
1040	6.844375000	-11.750	
1041	6.850000000	-12.028	
1042	6.855625000	-12.238	
1043	6.861250000	-12.190	
1044	6.866875000	-12.008	
1045	6.872500000	-11.705	
1046	6.878125000	-11.329	
1047	6.883750000	-11.026	
1048	6.889375000	-10.770	
1049	6.895000000	-10.574	
1050	6.900625000	-10.453	
1051	6.906250000	-10.412	
1052	6.911875000	-10.497	
1053	6.917500000	-10.711	
1054	6.923125000	-10.901	
1055	6.928750000	-11.133	
1056	6.934375000	-11.334	
1057	6.940000000	-11.413	
1058	6.945625000	-11.339	
1059	6.951250000	-11.124	
1060	6.956875000	-10.847	
1061	6.962500000	-10.538	
1062	6.968125000	-10.276	
1063	6.973750000	-10.140	
1064	6.979375000	-10.087	
1065	6.985000000	-10.157	
1066	6.990625000	-10.301	
1067	6.996250000	-10.486	
1068	7.001875000	-10.674	
1069	7.007500000	-10.767	
1070	7.013125000	-10.776	
1071	7.018750000	-10.653	
1072	7.024375000	-10.429	
1073	7.030000000	-10.166	
1074	7.035625000	-9.890	
1075	7.041250000	-9.673	
1076	7.046875000	-9.578	
1077	7.052500000	-9.600	
1078	7.058125000	-9.751	
1079	7.063750000	-9.891	
1080	7.069375000	-10.069	
1081	7.075000000	-10.219	
1082	7.080625000	-10.374	
1083	7.086250000	-10.401	
1084	7.091875000	-10.376	
1085	7.097500000	-10.332	
1086	7.103125000	-10.252	
1087	7.108750000	-10.153	
1088	7.114375000	-10.072	
1089	7.120000000	-10.010	
1090	7.125625000	-9.966	
1091	7.131250000	-9.929	
1092	7.136875000	-9.869	
1093	7.142500000	-9.790	
1094	7.148125000	-9.724	
1095	7.153750000	-9.708	
1096	7.159375000	-9.710	
1097	7.165000000	-9.840	
1098	7.170625000	-9.947	
1099	7.176250000	-10.085	
1100	7.181875000	-10.066	
1101	7.187500000	-9.953	
1102	7.193125000	-9.759	
1103	7.198750000	-9.461	
1104	7.204375000	-9.127	
1105	7.210000000	-8.876	
1106	7.215625000	-8.674	
1107	7.221250000	-8.641	
1108	7.226875000	-8.819	
1109	7.232500000	-9.059	
1110	7.238125000	-9.405	
1111	7.243750000	-9.774	
1112	7.249375000	-10.041	
1113	7.255000000	-10.063	
1114	7.260625000	-9.892	
1115	7.266250000	-9.561	
1116	7.271875000	-9.160	
1117	7.277500000	-8.841	
1118	7.283125000	-8.623	
1119	7.288750000	-8.599	
1120	7.294375000	-8.801	
1121	7.300000000	-9.136	
1122	7.305625000	-9.549	
1123	7.311250000	-9.937	
1124	7.316875000	-10.206	
1125	7.322500000	-10.241	
1126	7.328125000	-10.090	
1127	7.333750000	-9.789	
1128	7.339375000	-9.402	
1129	7.345000000	-9.061	
1130	7.350625000	-8.893	
1131	7.356250000	-9.015	
1132	7.361875000	-9.197	
1133	7.367500000	-9.531	
1134	7.373125000	-9.928	
1135	7.378750000	-10.341	
1136	7.384375000	-10.712	
1137	7.390000000	-10.946	
1138	7.395625000	-10.943	
1139	7.401250000	-10.772	
1140	7.406875000	-10.400	
1141	7.412500000	-10.075	
1142	7.418125000	-9.800	
1143	7.423750000	-9.687	
1144	7.429375000	-9.719	
1145	7.435000000	-9.914	
1146	7.440625000	-10.186	
1147	7.446250000	-10.591	
1148	7.451875000	-11.095	
1149	7.457500000	-11.682	
1150	7.463125000	-12.193	
1151	7.468750000	-12.479	
1152	7.474375000	-12.461	
1153	7.480000000	-12.265	
1154	7.485625000	-11.807	
1155	7.491250000	-11.426	
1156	7.496875000	-11.112	
1157	7.502500000	-10.927	
1158	7.508125000	-10.882	
1159	7.513750000	-11.042	
1160	7.519375000	-11.383	
1161	7.525000000	-11.946	
1162	7.530625000	-12.632	
1163	7.536250000	-13.286	
1164	7.541875000	-13.661	
1165	7.547500000	-13.647	
1166	7.553125000	-13.140	
1167	7.558750000	-12.455	
1168	7.564375000	-11.726	
1169	7.570000000	-11.167	
1170	7.575625000	-10.720	
1171	7.581250000	-10.527	
1172	7.586875000	-10.519	
1173	7.592500000	-10.798	
1174	7.598125000	-11.318	
1175	7.603750000	-11.931	
1176	7.609375000	-12.415	
1177	7.615000000	-12.649	
1178	7.620625000	-12.377	
1179	7.626250000	-11.776	
1180	7.631875000	-10.989	
1181	7.637500000	-10.250	
1182	7.643125000	-9.669	
1183	7.648750000	-9.290	
1184	7.654375000	-9.199	
1185	7.660000000	-9.389	
1186	7.665625000	-9.819	
1187	7.671250000	-10.375	
1188	7.676875000	-10.953	
1189	7.682500000	-11.316	
1190	7.688125000	-11.284	
1191	7.693750000	-10.888	
1192	7.699375000	-10.039	
1193	7.705000000	-9.232	
1194	7.710625000	-8.607	
1195	7.716250000	-8.249	
1196	7.721875000	-8.167	
1197	7.727500000	-8.343	
1198	7.733125000	-8.673	
1199	7.738750000	-9.165	
1200	7.744375000	-9.654	
1201	7.750000000	-10.080	
1202	7.755625000	-10.215	
1203	7.761250000	-10.042	
1204	7.766875000	-9.493	
1205	7.772500000	-8.973	
1206	7.778125000	-8.354	
1207	7.783750000	-8.010	
1208	7.789375000	-7.908	
1209	7.795000000	-8.011	
1210	7.800625000	-8.284	
1211	7.806250000	-8.695	
1212	7.811875000	-9.193	
1213	7.817500000	-9.700	
1214	7.823125000	-10.115	
1215	7.828750000	-10.306	
1216	7.834375000	-10.182	
1217	7.840000000	-9.787	
1218	7.845625000	-9.309	
1219	7.851250000	-8.965	
1220	7.856875000	-8.718	
1221	7.862500000	-8.617	
1222	7.868125000	-8.705	
1223	7.873750000	-9.000	
1224	7.879375000	-9.510	
1225	7.885000000	-10.146	
1226	7.890625000	-10.819	
1227	7.896250000	-11.289	
1228	7.901875000	-11.389	
1229	7.907500000	-11.105	
1230	7.913125000	-10.583	
1231	7.918750000	-10.094	
1232	7.924375000	-9.541	
1233	7.930000000	-9.251	
1234	7.935625000	-9.171	
1235	7.941250000	-9.361	
1236	7.946875000	-9.901	
1237	7.952500000	-10.727	
1238	7.958125000	-11.600	
1239	7.963750000	-12.562	
1240	7.969375000	-13.217	
1241	7.975000000	-13.285	
1242	7.980625000	-12.810	
1243	7.986250000	-11.996	
1244	7.991875000	-11.138	
1245	7.997500000	-10.451	
1246	8.003125000	-10.024	
1247	8.008750000	-9.933	
1248	8.014375000	-10.204	
1249	8.020000000	-10.716	
1250	8.025625000	-11.530	
1251	8.031250000	-12.534	
1252	8.036875000	-13.457	
1253	8.042500000	-13.877	
1254	8.048125000	-13.641	
1255	8.053750000	-12.838	
1256	8.059375000	-11.757	
1257	8.065000000	-10.792	
1258	8.070625000	-10.030	
1259	8.076250000	-9.633	
1260	8.081875000	-9.646	
1261	8.087500000	-9.984	
1262	8.093125000	-10.624	
1263	8.098750000	-11.470	
1264	8.104375000	-12.481	
1265	8.110000000	-13.350	
1266	8.115625000	-13.620	
1267	8.121250000	-13.074	
1268	8.126875000	-12.037	
1269	8.132500000	-10.927	
1270	8.138125000	-10.064	
1271	8.143750000	-9.540	
1272	8.149375000	-9.301	
1273	8.155000000	-9.397	
1274	8.160625000	-9.853	
1275	8.166250000	-10.596	
1276	8.171875000	-11.425	
1277	8.177500000	-12.369	
1278	8.183125000	-13.032	
1279	8.188750000	-13.024	
1280	8.194375000	-12.399	
1281	8.200000000	-11.410	
1282	8.205625000	-10.410	
1283	8.211250000	-9.752	
1284	8.216875000	-9.391	
1285	8.222500000	-9.330	
1286	8.228125000	-9.524	
1287	8.233750000	-10.024	
1288	8.239375000	-10.810	
1289	8.245000000	-11.869	
1290	8.250625000	-13.013	
1291	8.256250000	-13.873	
1292	8.261875000	-13.878	
1293	8.267500000	-13.024	
1294	8.273125000	-11.915	
1295	8.278750000	-10.919	
1296	8.284375000	-10.184	
1297	8.290000000	-9.760	
1298	8.295625000	-9.661	
1299	8.301250000	-9.911	
1300	8.306875000	-10.512	
1301	8.312500000	-11.498	
1302	8.318125000	-12.861	
1303	8.323750000	-14.414	
1304	8.329375000	-15.506	
1305	8.335000000	-15.282	
1306	8.340625000	-14.014	
1307	8.346250000	-12.554	
1308	8.351875000	-11.368	
1309	8.357500000	-10.596	
1310	8.363125000	-10.157	
1311	8.368750000	-10.011	
1312	8.374375000	-10.422	
1313	8.380000000	-11.075	
1314	8.385625000	-12.189	
1315	8.391250000	-13.693	
1316	8.396875000	-15.403	
1317	8.402500000	-16.513	
1318	8.408125000	-16.124	
1319	8.413750000	-14.684	
1320	8.419375000	-13.031	
1321	8.425000000	-11.718	
1322	8.430625000	-10.824	
1323	8.436250000	-10.353	
1324	8.441875000	-10.292	
1325	8.447500000	-10.667	
1326	8.453125000	-11.400	
1327	8.458750000	-12.483	
1328	8.464375000	-13.994	
1329	8.470000000	-15.608	
1330	8.475625000	-16.775	
1331	8.481250000	-16.584	
1332	8.486875000	-15.148	
1333	8.492500000	-13.501	
1334	8.498125000	-12.213	
1335	8.503750000	-11.353	
1336	8.509375000	-10.869	
1337	8.515000000	-10.867	
1338	8.520625000	-11.182	
1339	8.526250000	-11.884	
1340	8.531875000	-12.870	
1341	8.537500000	-14.173	
1342	8.543125000	-15.533	
1343	8.548750000	-16.271	
1344	8.554375000	-15.771	
1345	8.560000000	-14.443	
1346	8.565625000	-13.040	
1347	8.571250000	-11.955	
1348	8.576875000	-11.276	
1349	8.582500000	-10.904	
1350	8.588125000	-10.874	
1351	8.593750000	-11.165	
1352	8.599375000	-11.830	
1353	8.605000000	-12.850	
1354	8.610625000	-14.242	
1355	8.616250000	-15.623	
1356	8.621875000	-16.202	
1357	8.627500000	-15.606	
1358	8.633125000	-14.271	
1359	8.638750000	-12.974	
1360	8.644375000	-12.014	
1361	8.650000000	-11.398	
1362	8.655625000	-11.133	
1363	8.661250000	-11.247	
1364	8.666875000	-11.590	
1365	8.672500000	-12.411	
1366	8.678125000	-13.654	
1367	8.683750000	-15.230	
1368	8.689375000	-16.729	
1369	8.695000000	-17.226	
1370	8.700625000	-16.280	
1371	8.706250000	-14.728	
1372	8.711875000	-13.350	
1373	8.717500000	-12.331	
1374	8.723125000	-11.764	
1375	8.728750000	-11.540	
1376	8.734375000	-11.707	
1377	8.740000000	-12.217	
1378	8.745625000	-13.149	
1379	8.751250000	-14.485	
1380	8.756875000	-15.874	
1381	8.762500000	-16.839	
1382	8.768125000	-16.728	
1383	8.773750000	-15.496	
1384	8.779375000	-14.100	
1385	8.785000000	-12.960	
1386	8.790625000	-12.105	
1387	8.796250000	-11.642	
1388	8.801875000	-11.562	
1389	8.807500000	-11.845	
1390	8.813125000	-12.605	
1391	8.818750000	-13.535	
1392	8.824375000	-14.789	
1393	8.830000000	-16.075	
1394	8.835625000	-16.864	
1395	8.841250000	-16.667	
1396	8.846875000	-15.556	
1397	8.852500000	-14.303	
1398	8.858125000	-13.343	
1399	8.863750000	-12.619	
1400	8.869375000	-12.353	
1401	8.875000000	-12.506	
1402	8.880625000	-12.992	
1403	8.886250000	-13.905	
1404	8.891875000	-15.066	
1405	8.897500000	-16.470	
1406	8.903125000	-17.727	
1407	8.908750000	-17.940	
1408	8.914375000	-17.050	
1409	8.920000000	-15.762	
1410	8.925625000	-14.548	
1411	8.931250000	-13.713	
1412	8.936875000	-13.293	
1413	8.942500000	-13.208	
1414	8.948125000	-13.499	
1415	8.953750000	-14.081	
1416	8.959375000	-14.961	
1417	8.965000000	-16.210	
1418	8.970625000	-17.525	
1419	8.976250000	-18.363	
1420	8.981875000	-18.052	
1421	8.987500000	-16.890	
1422	8.993125000	-15.552	
1423	8.998750000	-14.459	
1424	9.004375000	-13.689	
1425	9.010000000	-13.258	
1426	9.015625000	-13.129	
1427	9.021250000	-13.336	
1428	9.026875000	-13.841	
1429	9.032500000	-14.602	
1430	9.038125000	-15.593	
1431	9.043750000	-16.693	
1432	9.049375000	-17.513	
1433	9.055000000	-17.766	
1434	9.060625000	-17.403	
1435	9.066250000	-16.718	
1436	9.071875000	-16.032	
1437	9.077500000	-15.537	
1438	9.083125000	-15.361	
1439	9.088750000	-15.588	
1440	9.094375000	-16.274	
1441	9.100000000	-17.402	
1442	9.105625000	-18.960	
1443	9.111250000	-20.972	
1444	9.116875000	-22.782	
1445	9.122500000	-23.251	
1446	9.128125000	-21.995	
1447	9.133750000	-20.270	
1448	9.139375000	-18.799	
1449	9.145000000	-17.793	
1450	9.150625000	-17.277	
1451	9.156250000	-17.075	
1452	9.161875000	-17.313	
1453	9.167500000	-17.910	
1454	9.173125000	-18.745	
1455	9.178750000	-19.662	
1456	9.184375000	-20.255	
1457	9.190000000	-20.242	
1458	9.195625000	-19.649	
1459	9.201250000	-18.787	
1460	9.206875000	-18.030	
1461	9.212500000	-17.559	
1462	9.218125000	-17.472	
1463	9.223750000	-17.557	
1464	9.229375000	-18.008	
1465	9.235000000	-18.795	
1466	9.240625000	-19.822	
1467	9.246250000	-20.908	
1468	9.251875000	-21.688	
1469	9.257500000	-21.989	
1470	9.263125000	-21.697	
1471	9.268750000	-21.140	
1472	9.274375000	-20.651	
1473	9.280000000	-20.350	
1474	9.285625000	-20.452	
1475	9.291250000	-20.895	
1476	9.296875000	-21.707	
1477	9.302500000	-22.931	
1478	9.308125000	-24.541	
1479	9.313750000	-26.095	
1480	9.319375000	-26.637	
1481	9.325000000	-25.965	
1482	9.330625000	-24.890	
1483	9.336250000	-23.949	
1484	9.341875000	-23.315	
1485	9.347500000	-23.009	
1486	9.353125000	-23.359	
1487	9.358750000	-24.406	
1488	9.364375000	-26.048	
1489	9.370000000	-28.337	
1490	9.375625000	-31.143	
1491	9.381250000	-32.808	
1492	9.386875000	-30.928	
1493	9.392500000	-28.051	
1494	9.398125000	-25.924	
1495	9.403750000	-24.861	
1496	9.409375000	-24.578	
1497	9.415000000	-24.685	
1498	9.420625000	-25.275	
1499	9.426250000	-26.381	
1500	9.431875000	-28.069	
1501	9.437500000	-30.519	
1502	9.443125000	-33.048	
1503	9.448750000	-32.474	
1504	9.454375000	-30.863	
1505	9.460000000	-29.837	
1506	9.465625000	-28.840	
1507	9.471250000	-28.668	
1508	9.476875000	-29.758	
1509	9.482500000	-31.638	
1510	9.488125000	-33.665	
1511	9.493750000	-32.992	
1512	9.499375000	-30.783	
1513	9.505000000	-28.479	
1514	9.510625000	-26.450	
1515	9.516250000	-24.976	
1516	9.521875000	-24.114	
1517	9.527500000	-23.902	
1518	9.533125000	-24.269	
1519	9.538750000	-25.201	
1520	9.544375000	-26.777	
1521	9.550000000	-29.211	
1522	9.555625000	-32.084	
1523	9.561250000	-32.390	
1524	9.566875000	-29.110	
1525	9.572500000	-26.076	
1526	9.578125000	-24.099	
1527	9.583750000	-22.846	
1528	9.589375000	-22.107	
1529	9.595000000	-21.986	
1530	9.600625000	-22.571	
1531	9.606250000	-23.909	
1532	9.611875000	-26.070	
1533	9.617500000	-29.606	
1534	9.623125000	-34.818	
1535	9.628750000	-32.535	
1536	9.634375000	-27.163	
1537	9.640000000	-23.743	
1538	9.645625000	-21.540	
1539	9.651250000	-20.180	
1540	9.656875000	-19.346	
1541	9.662500000	-19.012	
1542	9.668125000	-19.211	
1543	9.673750000	-20.009	
1544	9.679375000	-21.566	
1545	9.685000000	-24.183	
1546	9.690625000	-28.622	
1547	9.696250000	-35.572	
1548	9.701875000	-30.672	
1549	9.707500000	-25.086	
1550	9.713125000	-21.760	
1551	9.718750000	-19.716	
1552	9.724375000	-18.490	
1553	9.730000000	-17.903	
1554	9.735625000	-17.922	
1555	9.741250000	-18.547	
1556	9.746875000	-19.926	
1557	9.752500000	-22.332	
1558	9.758125000	-26.545	
1559	9.763750000	-35.079	
1560	9.769375000	-32.158	
1561	9.775000000	-24.653	
1562	9.780625000	-20.779	
1563	9.786250000	-18.419	
1564	9.791875000	-16.993	
1565	9.797500000	-16.205	
1566	9.803125000	-16.038	
1567	9.808750000	-16.406	
1568	9.814375000	-17.359	
1569	9.820000000	-19.053	
1570	9.825625000	-21.982	
1571	9.831250000	-27.604	
1572	9.836875000	-56.672	
1573	9.842500000	-27.856	
1574	9.848125000	-21.959	
1575	9.853750000	-18.851	
1576	9.859375000	-16.919	
1577	9.865000000	-15.834	
1578	9.870625000	-15.340	
1579	9.876250000	-15.381	
1580	9.881875000	-15.997	
1581	9.887500000	-17.290	
1582	9.893125000	-19.524	
1583	9.898750000	-23.349	
1584	9.904375000	-31.286	
1585	9.910000000	-32.090	
1586	9.915625000	-23.792	
1587	9.921250000	-19.798	
1588	9.926875000	-17.544	
1589	9.932500000	-16.100	
1590	9.938125000	-15.356	
1591	9.943750000	-15.187	
1592	9.949375000	-15.556	
1593	9.955000000	-16.560	
1594	9.960625000	-18.342	
1595	9.966250000	-21.217	
1596	9.971875000	-25.978	
1597	9.977500000	-32.281	
1598	9.983125000	-26.454	
1599	9.988750000	-21.485	
1600	9.994375000	-18.572	
1601	10.000000000	-16.837	
