1	1.000000000	-7.752	109.710	
2	1.050000000	-7.115	89.135	
3	1.100000000	-6.284	63.689	
4	1.150000000	-6.002	37.485	
5	1.200000000	-5.978	13.296	
6	1.250000000	-6.474	-10.505	
7	1.300000000	-6.769	-31.157	
8	1.350000000	-7.134	-54.059	
9	1.400000000	-7.703	-77.779	
10	1.450000000	-8.360	-92.731	
11	1.500000000	-8.902	-114.788	
12	1.550000000	-9.497	-136.070	
13	1.600000000	-9.649	-153.415	
14	1.650000000	-9.947	-167.695	
15	1.700000000	-9.908	169.045	
16	1.750000000	-10.070	149.632	
17	1.800000000	-9.903	130.517	
18	1.850000000	-9.725	107.512	
19	1.900000000	-9.753	84.966	
20	1.950000000	-9.225	61.150	
21	2.000000000	-9.363	34.467	
22	2.050000000	-10.495	8.662	
23	2.100000000	-11.216	-5.841	
24	2.150000000	-10.870	-29.146	
25	2.200000000	-10.906	-50.718	
26	2.250000000	-10.594	-73.676	
27	2.300000000	-10.267	-98.799	
28	2.350000000	-10.369	-119.689	
29	2.400000000	-10.090	-145.395	
30	2.450000000	-10.434	-168.534	
31	2.500000000	-10.383	165.701	
32	2.550000000	-9.808	142.761	
33	2.600000000	-10.002	118.948	
34	2.650000000	-10.119	96.027	
35	2.700000000	-9.940	68.881	
36	2.750000000	-10.136	46.517	
37	2.800000000	-10.580	22.258	
38	2.850000000	-10.440	-4.350	
39	2.900000000	-11.259	-29.660	
40	2.950000000	-11.527	-53.965	
41	3.000000000	-11.971	-76.609	
42	3.050000000	-13.003	-98.492	
43	3.100000000	-13.950	-126.108	
44	3.150000000	-15.685	-145.273	
45	3.200000000	-16.951	-160.953	
46	3.250000000	-17.701	-163.729	
47	3.300000000	-15.808	-172.777	
48	3.350000000	-13.433	161.013	
49	3.400000000	-12.419	127.292	
50	3.450000000	-12.071	95.808	
51	3.500000000	-12.291	64.553	
52	3.550000000	-12.676	33.360	
53	3.600000000	-13.175	5.300	
54	3.650000000	-13.399	-21.886	
55	3.700000000	-13.994	-49.508	
56	3.750000000	-14.385	-79.544	
57	3.800000000	-14.603	-106.248	
58	3.850000000	-15.056	-133.271	
59	3.900000000	-15.487	-163.644	
60	3.950000000	-15.538	162.923	
61	4.000000000	-15.760	128.677	
62	4.050000000	-15.987	93.685	
63	4.100000000	-16.572	56.462	
64	4.150000000	-17.380	17.601	
65	4.200000000	-17.467	-22.920	
66	4.250000000	-18.119	-63.582	
67	4.300000000	-18.098	-106.138	
68	4.350000000	-17.985	-143.110	
69	4.400000000	-17.898	176.252	
70	4.450000000	-17.518	139.427	
71	4.500000000	-17.334	104.456	
72	4.550000000	-17.196	68.293	
73	4.600000000	-16.872	37.209	
74	4.650000000	-17.191	9.452	
75	4.700000000	-17.612	-21.552	
76	4.750000000	-18.111	-49.533	
77	4.800000000	-18.561	-78.999	
78	4.850000000	-19.082	-104.738	
79	4.900000000	-19.555	-130.402	
80	4.950000000	-19.680	-160.203	
81	5.000000000	-19.856	175.142	
82	5.050000000	-19.982	144.842	
83	5.100000000	-19.960	120.301	
84	5.150000000	-20.423	89.026	
85	5.200000000	-19.731	61.032	
86	5.250000000	-20.055	35.012	
87	5.300000000	-19.883	3.911	
88	5.350000000	-20.092	-21.568	
89	5.400000000	-19.223	-50.701	
90	5.450000000	-19.405	-78.964	
91	5.500000000	-19.279	-106.565	
92	5.550000000	-19.507	-133.876	
93	5.600000000	-19.085	-166.106	
94	5.650000000	-19.069	164.937	
95	5.700000000	-19.228	133.266	
96	5.750000000	-19.389	104.340	
97	5.800000000	-19.317	74.804	
98	5.850000000	-19.613	46.842	
99	5.900000000	-19.243	16.506	
100	5.950000000	-19.643	-10.257	
101	6.000000000	-19.671	-38.443	
102	6.050000000	-19.981	-63.329	
103	6.100000000	-20.144	-89.458	
104	6.150000000	-20.396	-114.786	
105	6.200000000	-20.515	-140.128	
106	6.250000000	-21.133	-168.272	
107	6.300000000	-21.558	160.651	
108	6.350000000	-21.406	131.312	
109	6.400000000	-22.173	99.513	
110	6.450000000	-22.293	66.910	
111	6.500000000	-22.100	36.240	
112	6.550000000	-22.798	2.947	
113	6.600000000	-21.924	-25.551	
114	6.650000000	-22.462	-52.664	
115	6.700000000	-22.697	-83.874	
116	6.750000000	-23.097	-112.653	
117	6.800000000	-23.936	-136.470	
118	6.850000000	-24.869	-163.206	
119	6.900000000	-25.312	168.238	
120	6.950000000	-27.558	140.506	
121	7.000000000	-28.170	102.352	
122	7.050000000	-29.279	64.879	
123	7.100000000	-29.143	18.386	
124	7.150000000	-27.588	-18.837	
125	7.200000000	-27.288	-52.165	
126	7.250000000	-25.840	-87.594	
127	7.300000000	-24.880	-111.962	
128	7.350000000	-25.048	-136.760	
129	7.400000000	-24.178	-161.202	
130	7.450000000	-24.535	178.751	
131	7.500000000	-25.072	158.333	
132	7.550000000	-25.138	130.496	
133	7.600000000	-26.002	110.055	
134	7.650000000	-27.402	87.701	
135	7.700000000	-28.410	61.711	
136	7.750000000	-31.116	30.213	
137	7.800000000	-33.126	-13.861	
138	7.850000000	-33.925	-63.364	
139	7.900000000	-33.470	-99.893	
140	7.950000000	-32.262	-136.178	
141	8.000000000	-30.469	-162.632	
142	8.050000000	-29.513	173.326	
143	8.100000000	-28.783	155.698	
144	8.150000000	-27.968	136.292	
145	8.200000000	-27.237	115.157	
146	8.250000000	-26.836	93.259	
147	8.300000000	-27.375	73.501	
148	8.350000000	-27.606	45.942	
149	8.400000000	-27.826	27.418	
150	8.450000000	-29.808	0.261	
151	8.500000000	-31.792	-25.652	
152	8.550000000	-34.069	-63.504	
153	8.600000000	-36.194	-110.482	
154	8.650000000	-35.264	-163.343	
155	8.700000000	-34.259	159.245	
156	8.750000000	-31.575	126.336	
157	8.800000000	-30.594	102.855	
158	8.850000000	-30.110	78.407	
159	8.900000000	-28.731	59.398	
160	8.950000000	-29.259	37.581	
161	9.000000000	-29.331	20.705	
162	9.050000000	-29.553	-1.013	
163	9.100000000	-30.202	-20.174	
164	9.150000000	-31.102	-41.128	
165	9.200000000	-32.162	-62.781	
166	9.250000000	-33.555	-83.635	
167	9.300000000	-35.763	-110.704	
168	9.350000000	-37.870	-152.115	
169	9.400000000	-40.765	171.556	
170	9.450000000	-39.159	103.481	
171	9.500000000	-37.313	59.897	
172	9.550000000	-35.506	30.757	
173	9.600000000	-33.978	2.413	
174	9.650000000	-31.873	-25.192	
175	9.700000000	-32.579	-49.821	
176	9.750000000	-32.511	-71.749	
177	9.800000000	-33.367	-93.122	
178	9.850000000	-33.541	-127.952	
179	9.900000000	-35.073	-155.909	
180	9.950000000	-36.088	169.896	
181	10.000000000	-35.789	126.997	
182	10.050000000	-34.997	97.885	
183	10.100000000	-35.069	61.878	
184	10.150000000	-33.790	30.668	
185	10.200000000	-33.567	10.239	
186	10.250000000	-33.142	-15.668	
187	10.300000000	-33.168	-36.549	
188	10.350000000	-34.185	-60.052	
189	10.400000000	-34.420	-83.762	
190	10.450000000	-34.032	-102.852	
191	10.500000000	-35.586	-132.404	
192	10.550000000	-36.971	-152.895	
193	10.600000000	-38.816	-168.731	
194	10.650000000	-41.156	161.172	
195	10.700000000	-42.866	131.182	
196	10.750000000	-44.984	100.998	
197	10.800000000	-45.282	31.092	
198	10.850000000	-45.010	-1.287	
199	10.900000000	-40.953	-32.197	
200	10.950000000	-39.187	-61.634	
201	11.000000000	-37.995	-86.329	
202	11.050000000	-37.833	-114.071	
203	11.100000000	-37.121	-138.433	
204	11.150000000	-39.234	-157.280	
205	11.200000000	-41.123	172.063	
206	11.250000000	-43.979	141.601	
207	11.300000000	-46.885	131.894	
208	11.350000000	-48.592	105.958	
209	11.400000000	-51.124	72.013	
210	11.450000000	-54.972	19.052	
211	11.500000000	-53.970	20.283	
212	11.550000000	-54.400	8.044	
213	11.600000000	-54.495	-35.126	
214	11.650000000	-52.806	-16.712	
215	11.700000000	-51.458	-64.598	
216	11.750000000	-49.801	-56.584	
217	11.800000000	-51.802	-71.715	
218	11.850000000	-49.560	-67.649	
219	11.900000000	-48.844	-84.527	
220	11.950000000	-45.952	-96.993	
221	12.000000000	-43.820	-122.530	
222	12.050000000	-44.374	-136.931	
223	12.100000000	-42.140	-147.437	
224	12.150000000	-43.528	-164.966	
225	12.200000000	-43.130	-179.485	
226	12.250000000	-44.123	161.432	
227	12.300000000	-45.141	131.279	
228	12.350000000	-46.491	112.527	
229	12.400000000	-48.763	103.466	
230	12.450000000	-51.429	79.149	
231	12.500000000	-55.316	41.496	
232	12.550000000	-64.965	7.084	
233	12.600000000	-64.759	22.767	
234	12.650000000	-69.277	-127.517	
235	12.700000000	-54.525	-115.371	
236	12.750000000	-58.293	-134.133	
237	12.800000000	-52.600	-124.551	
238	12.850000000	-49.962	-156.560	
239	12.900000000	-51.761	-161.558	
240	12.950000000	-50.907	-178.571	
241	13.000000000	-50.945	162.660	
242	13.050000000	-51.088	142.479	
243	13.100000000	-51.288	137.628	
244	13.150000000	-51.241	119.212	
245	13.200000000	-51.573	114.053	
246	13.250000000	-52.053	96.453	
247	13.300000000	-52.068	74.640	
248	13.350000000	-52.074	71.928	
249	13.400000000	-56.018	59.840	
250	13.450000000	-58.390	59.702	
251	13.500000000	-59.867	58.219	
252	13.550000000	-64.045	37.018	
253	13.600000000	-61.709	104.881	
254	13.650000000	-61.210	131.336	
255	13.700000000	-63.166	123.011	
256	13.750000000	-54.645	104.697	
257	13.800000000	-52.837	92.426	
258	13.850000000	-51.892	69.043	
259	13.900000000	-51.732	41.335	
260	13.950000000	-52.955	37.263	
261	14.000000000	-53.306	20.743	
262	14.050000000	-54.854	8.251	
263	14.100000000	-55.879	4.498	
264	14.150000000	-54.008	-23.345	
265	14.200000000	-52.984	-28.787	
266	14.250000000	-53.936	-29.476	
267	14.300000000	-53.965	-34.069	
268	14.350000000	-55.767	-24.734	
269	14.400000000	-49.910	-27.267	
270	14.450000000	-47.688	-34.419	
271	14.500000000	-48.566	-52.043	
272	14.550000000	-46.841	-66.027	
273	14.600000000	-46.173	-80.356	
274	14.650000000	-47.202	-95.650	
275	14.700000000	-47.980	-115.872	
276	14.750000000	-46.471	-121.359	
277	14.800000000	-48.005	-137.929	
278	14.850000000	-51.828	-163.502	
279	14.900000000	-57.272	-173.539	
280	14.950000000	-67.974	77.285	
281	15.000000000	-56.421	-29.105	
282	15.050000000	-54.614	-33.901	
283	15.100000000	-52.260	-78.583	
284	15.150000000	-48.772	-75.131	
285	15.200000000	-48.693	-93.180	
286	15.250000000	-47.549	-105.737	
287	15.300000000	-47.417	-107.910	
288	15.350000000	-47.299	-119.648	
289	15.400000000	-49.110	-142.770	
290	15.450000000	-49.783	-137.878	
291	15.500000000	-52.944	-150.923	
292	15.550000000	-54.973	-132.307	
293	15.600000000	-52.511	-96.172	
294	15.650000000	-49.943	-92.936	
295	15.700000000	-47.485	-105.561	
296	15.750000000	-46.520	-108.073	
297	15.800000000	-45.938	-116.957	
298	15.850000000	-44.545	-127.277	
299	15.900000000	-44.482	-131.528	
300	15.950000000	-43.680	-139.413	
301	16.000000000	-44.160	-149.926	
302	16.050000000	-43.656	-155.767	
303	16.100000000	-45.073	-157.469	
304	16.150000000	-44.417	-161.967	
305	16.200000000	-44.334	-164.128	
306	16.250000000	-44.149	-172.185	
307	16.300000000	-44.146	-175.213	
308	16.350000000	-44.969	177.792	
309	16.400000000	-44.654	-179.339	
310	16.450000000	-45.278	174.234	
311	16.500000000	-45.667	171.350	
312	16.550000000	-46.557	176.860	
313	16.600000000	-46.201	-179.310	
314	16.650000000	-45.962	177.558	
315	16.700000000	-46.247	-176.685	
316	16.750000000	-44.977	179.888	
317	16.800000000	-43.661	-176.643	
318	16.850000000	-43.643	174.317	
319	16.900000000	-43.426	164.515	
320	16.950000000	-42.487	160.320	
321	17.000000000	-43.230	160.231	
322	17.050000000	-43.829	152.606	
323	17.100000000	-43.287	155.195	
324	17.150000000	-43.870	155.100	
325	17.200000000	-43.928	153.238	
326	17.250000000	-42.852	158.799	
327	17.300000000	-42.576	157.978	
328	17.350000000	-42.026	155.560	
329	17.400000000	-41.941	153.453	
330	17.450000000	-40.362	149.935	
331	17.500000000	-40.724	147.696	
332	17.550000000	-40.158	136.057	
333	17.600000000	-39.425	129.330	
334	17.650000000	-40.322	126.547	
335	17.700000000	-40.582	117.954	
336	17.750000000	-40.113	110.140	
337	17.800000000	-41.418	108.610	
338	17.850000000	-41.894	105.113	
339	17.900000000	-42.178	101.573	
340	17.950000000	-42.488	103.342	
341	18.000000000	-43.163	102.169	
342	18.050000000	-43.049	103.983	
343	18.100000000	-43.181	103.779	
344	18.150000000	-43.108	108.902	
345	18.200000000	-42.620	108.225	
346	18.250000000	-42.742	106.314	
347	18.300000000	-41.720	107.070	
348	18.350000000	-40.859	103.490	
349	18.400000000	-41.557	97.170	
350	18.450000000	-40.796	90.439	
351	18.500000000	-40.851	87.858	
352	18.550000000	-41.284	87.915	
353	18.600000000	-41.691	80.306	
354	18.650000000	-41.033	73.915	
355	18.700000000	-42.192	72.227	
356	18.750000000	-44.257	70.255	
357	18.800000000	-43.086	66.867	
358	18.850000000	-43.694	82.546	
359	18.900000000	-43.927	81.370	
360	18.950000000	-42.865	85.795	
361	19.000000000	-41.625	85.681	
362	19.050000000	-41.260	79.522	
363	19.100000000	-41.461	74.188	
364	19.150000000	-41.349	74.096	
365	19.200000000	-41.532	66.602	
366	19.250000000	-40.615	64.353	
367	19.300000000	-41.236	59.884	
368	19.350000000	-41.879	54.654	
369	19.400000000	-42.313	54.632	
370	19.450000000	-43.498	49.035	
371	19.500000000	-43.051	62.065	
372	19.550000000	-45.274	61.021	
373	19.600000000	-45.011	67.455	
374	19.650000000	-43.700	73.839	
375	19.700000000	-42.242	80.064	
376	19.750000000	-41.080	80.313	
377	19.800000000	-40.218	75.420	
378	19.850000000	-38.504	70.115	
379	19.900000000	-38.613	66.962	
380	19.950000000	-37.832	55.417	
381	20.000000000	-37.663	50.559	
382	20.050000000	-38.111	45.092	
383	20.100000000	-38.046	40.001	
384	20.150000000	-38.637	34.405	
385	20.200000000	-39.089	29.051	
386	20.250000000	-39.731	26.826	
387	20.300000000	-39.485	29.233	
388	20.350000000	-40.813	32.348	
389	20.400000000	-40.298	31.869	
390	20.450000000	-39.344	33.621	
391	20.500000000	-39.204	36.037	
392	20.550000000	-38.064	32.331	
393	20.600000000	-37.839	29.501	
394	20.650000000	-37.643	30.600	
395	20.700000000	-36.811	21.748	
396	20.750000000	-36.547	17.696	
397	20.800000000	-36.226	14.676	
398	20.850000000	-35.880	6.099	
399	20.900000000	-36.135	0.365	
400	20.950000000	-36.639	-6.916	
401	21.000000000	-36.566	-9.942	
