1	1.000000000	-13.853	-21.110	
2	1.050000000	-13.205	-50.223	
3	1.100000000	-13.452	-89.265	
4	1.150000000	-14.191	-125.488	
5	1.200000000	-15.155	-156.156	
6	1.250000000	-15.776	168.024	
7	1.300000000	-16.655	136.390	
8	1.350000000	-17.227	110.186	
9	1.400000000	-18.444	74.045	
10	1.450000000	-19.904	51.707	
11	1.500000000	-18.511	21.058	
12	1.550000000	-18.317	-13.936	
13	1.600000000	-18.851	-46.949	
14	1.650000000	-18.096	-75.941	
15	1.700000000	-17.074	-118.293	
16	1.750000000	-16.820	-158.733	
17	1.800000000	-16.885	150.292	
18	1.850000000	-19.839	105.944	
19	1.900000000	-21.203	70.952	
20	1.950000000	-22.347	27.091	
21	2.000000000	-29.322	-28.363	
22	2.050000000	-31.892	-33.601	
23	2.100000000	-38.694	-94.266	
24	2.150000000	-41.491	-39.516	
25	2.200000000	-44.441	51.192	
26	2.250000000	-34.541	18.731	
27	2.300000000	-38.876	45.308	
28	2.350000000	-29.719	-39.432	
29	2.400000000	-31.413	-47.055	
30	2.450000000	-28.618	-92.516	
31	2.500000000	-28.154	-112.847	
32	2.550000000	-27.520	-138.351	
33	2.600000000	-25.068	-171.138	
34	2.650000000	-26.492	163.699	
35	2.700000000	-25.773	135.914	
36	2.750000000	-25.237	104.058	
37	2.800000000	-27.638	73.515	
38	2.850000000	-26.867	47.883	
39	2.900000000	-26.366	16.225	
40	2.950000000	-27.847	-25.157	
41	3.000000000	-27.659	-54.163	
42	3.050000000	-28.179	-87.881	
43	3.100000000	-29.445	-110.807	
44	3.150000000	-31.780	-132.398	
45	3.200000000	-32.143	-150.256	
46	3.250000000	-31.827	173.976	
47	3.300000000	-35.735	150.342	
48	3.350000000	-33.275	138.967	
49	3.400000000	-37.125	115.350	
50	3.450000000	-35.531	73.636	
51	3.500000000	-33.424	91.737	
52	3.550000000	-39.246	89.657	
53	3.600000000	-37.364	52.449	
54	3.650000000	-33.643	31.912	
55	3.700000000	-32.132	21.018	
56	3.750000000	-29.799	-12.317	
57	3.800000000	-28.445	-28.722	
58	3.850000000	-27.466	-55.294	
59	3.900000000	-26.728	-92.830	
60	3.950000000	-26.140	-120.588	
61	4.000000000	-24.471	-148.693	
62	4.050000000	-24.638	-176.157	
63	4.100000000	-23.599	149.441	
64	4.150000000	-23.891	120.462	
65	4.200000000	-23.106	95.417	
66	4.250000000	-23.426	59.815	
67	4.300000000	-22.880	31.163	
68	4.350000000	-23.320	4.638	
69	4.400000000	-23.021	-26.758	
70	4.450000000	-23.358	-49.743	
71	4.500000000	-23.565	-80.618	
72	4.550000000	-24.316	-106.581	
73	4.600000000	-23.495	-136.232	
74	4.650000000	-24.709	-160.419	
75	4.700000000	-24.280	173.915	
76	4.750000000	-24.775	148.757	
77	4.800000000	-24.554	119.690	
78	4.850000000	-25.654	92.205	
79	4.900000000	-25.228	70.440	
80	4.950000000	-25.150	44.138	
81	5.000000000	-24.932	27.575	
82	5.050000000	-25.537	1.425	
83	5.100000000	-25.205	-26.649	
84	5.150000000	-25.189	-51.143	
85	5.200000000	-24.868	-75.692	
86	5.250000000	-24.606	-103.013	
87	5.300000000	-24.793	-131.260	
88	5.350000000	-24.514	-156.043	
89	5.400000000	-24.607	176.917	
90	5.450000000	-24.547	151.978	
91	5.500000000	-24.421	124.605	
92	5.550000000	-23.946	97.591	
93	5.600000000	-24.208	70.112	
94	5.650000000	-24.604	43.598	
95	5.700000000	-24.587	18.475	
96	5.750000000	-23.980	-13.538	
97	5.800000000	-25.165	-37.173	
98	5.850000000	-25.075	-69.628	
99	5.900000000	-24.165	-92.749	
100	5.950000000	-24.346	-122.839	
101	6.000000000	-25.126	-150.000	
102	6.050000000	-25.751	-177.914	
103	6.100000000	-25.093	155.648	
104	6.150000000	-25.505	126.276	
105	6.200000000	-25.873	96.098	
106	6.250000000	-26.352	75.397	
107	6.300000000	-26.300	44.774	
108	6.350000000	-26.800	13.065	
109	6.400000000	-26.847	-13.891	
110	6.450000000	-27.198	-38.669	
111	6.500000000	-27.768	-72.134	
112	6.550000000	-28.264	-90.091	
113	6.600000000	-27.700	-122.442	
114	6.650000000	-28.510	-146.022	
115	6.700000000	-30.022	-177.525	
116	6.750000000	-29.220	157.433	
117	6.800000000	-29.221	127.898	
118	6.850000000	-30.654	109.499	
119	6.900000000	-30.854	81.710	
120	6.950000000	-29.174	58.319	
121	7.000000000	-30.686	27.265	
122	7.050000000	-31.063	2.121	
123	7.100000000	-29.942	-21.901	
124	7.150000000	-30.097	-44.735	
125	7.200000000	-30.637	-70.860	
126	7.250000000	-29.988	-92.791	
127	7.300000000	-30.553	-122.419	
128	7.350000000	-30.918	-155.116	
129	7.400000000	-30.375	-170.106	
130	7.450000000	-30.830	160.247	
131	7.500000000	-30.735	131.604	
132	7.550000000	-30.340	101.651	
133	7.600000000	-30.375	82.638	
134	7.650000000	-30.334	52.891	
135	7.700000000	-30.355	30.966	
136	7.750000000	-30.994	-0.533	
137	7.800000000	-31.998	-25.217	
138	7.850000000	-30.788	-47.557	
139	7.900000000	-31.648	-78.237	
140	7.950000000	-32.501	-103.391	
141	8.000000000	-33.735	-126.823	
142	8.050000000	-33.376	-154.237	
143	8.100000000	-33.355	-174.975	
144	8.150000000	-31.645	153.760	
145	8.200000000	-33.177	129.157	
146	8.250000000	-33.041	107.238	
147	8.300000000	-32.632	82.742	
148	8.350000000	-32.976	54.032	
149	8.400000000	-33.266	33.260	
150	8.450000000	-33.830	7.017	
151	8.500000000	-33.895	-10.537	
152	8.550000000	-34.163	-44.630	
153	8.600000000	-34.583	-60.540	
154	8.650000000	-35.408	-90.336	
155	8.700000000	-34.623	-118.116	
156	8.750000000	-35.498	-133.079	
157	8.800000000	-35.887	-173.285	
158	8.850000000	-36.846	165.023	
159	8.900000000	-36.012	145.447	
160	8.950000000	-37.881	127.602	
161	9.000000000	-37.006	99.832	
162	9.050000000	-36.139	76.750	
163	9.100000000	-36.974	58.412	
164	9.150000000	-35.675	28.638	
165	9.200000000	-37.141	6.900	
166	9.250000000	-36.723	-11.932	
167	9.300000000	-34.880	-41.584	
168	9.350000000	-35.922	-66.657	
169	9.400000000	-35.120	-100.983	
170	9.450000000	-34.959	-119.509	
171	9.500000000	-34.869	-144.348	
172	9.550000000	-35.191	-163.538	
173	9.600000000	-35.103	157.331	
174	9.650000000	-34.610	132.582	
175	9.700000000	-34.804	101.001	
176	9.750000000	-33.763	73.714	
177	9.800000000	-34.468	48.679	
178	9.850000000	-34.960	17.673	
179	9.900000000	-34.562	-7.313	
180	9.950000000	-33.756	-39.428	
181	10.000000000	-34.118	-70.408	
182	10.050000000	-34.845	-95.432	
183	10.100000000	-34.581	-125.209	
184	10.150000000	-34.857	-151.658	
185	10.200000000	-35.058	-176.414	
186	10.250000000	-36.062	152.060	
187	10.300000000	-35.632	127.503	
188	10.350000000	-35.633	94.189	
189	10.400000000	-36.729	66.546	
190	10.450000000	-35.600	39.936	
191	10.500000000	-36.445	17.204	
192	10.550000000	-36.991	-18.017	
193	10.600000000	-37.222	-44.208	
194	10.650000000	-38.541	-67.464	
195	10.700000000	-38.273	-106.715	
196	10.750000000	-38.112	-126.497	
197	10.800000000	-40.087	-141.068	
198	10.850000000	-38.265	173.059	
199	10.900000000	-39.269	154.014	
200	10.950000000	-40.858	127.811	
201	11.000000000	-40.024	100.489	
202	11.050000000	-39.898	72.732	
203	11.100000000	-40.456	45.884	
204	11.150000000	-40.400	30.452	
205	11.200000000	-40.033	-2.728	
206	11.250000000	-40.238	-26.262	
207	11.300000000	-40.768	-52.249	
208	11.350000000	-40.178	-73.003	
209	11.400000000	-41.103	-104.286	
210	11.450000000	-39.940	-121.935	
211	11.500000000	-41.608	-152.753	
212	11.550000000	-40.861	174.458	
213	11.600000000	-40.405	144.103	
214	11.650000000	-41.150	115.302	
215	11.700000000	-41.856	85.822	
216	11.750000000	-40.899	64.308	
217	11.800000000	-43.442	27.580	
218	11.850000000	-42.606	-3.422	
219	11.900000000	-42.943	-31.451	
220	11.950000000	-41.466	-63.030	
221	12.000000000	-43.143	-87.086	
222	12.050000000	-41.393	-119.970	
223	12.100000000	-41.236	-144.899	
224	12.150000000	-40.879	178.108	
225	12.200000000	-40.317	153.678	
226	12.250000000	-39.589	124.239	
227	12.300000000	-39.684	94.034	
228	12.350000000	-39.552	69.367	
229	12.400000000	-39.530	43.894	
230	12.450000000	-38.798	14.622	
231	12.500000000	-40.147	-11.070	
232	12.550000000	-38.836	-41.463	
233	12.600000000	-37.750	-67.277	
234	12.650000000	-37.797	-93.748	
235	12.700000000	-37.937	-125.152	
236	12.750000000	-38.187	-153.509	
237	12.800000000	-37.678	-179.185	
238	12.850000000	-37.506	146.927	
239	12.900000000	-36.935	122.599	
240	12.950000000	-37.619	97.156	
241	13.000000000	-37.367	69.216	
242	13.050000000	-37.561	37.983	
243	13.100000000	-37.072	8.686	
244	13.150000000	-37.586	-15.902	
245	13.200000000	-37.666	-48.308	
246	13.250000000	-38.036	-74.935	
247	13.300000000	-37.666	-103.160	
248	13.350000000	-38.417	-128.721	
249	13.400000000	-38.825	-161.739	
250	13.450000000	-39.701	172.153	
251	13.500000000	-39.576	146.532	
252	13.550000000	-39.992	124.811	
253	13.600000000	-39.933	100.796	
254	13.650000000	-39.509	82.833	
255	13.700000000	-40.314	51.495	
256	13.750000000	-39.112	22.287	
257	13.800000000	-39.159	3.209	
258	13.850000000	-39.780	-29.281	
259	13.900000000	-38.467	-54.943	
260	13.950000000	-38.999	-82.804	
261	14.000000000	-39.641	-113.312	
262	14.050000000	-39.524	-149.474	
263	14.100000000	-39.658	-172.778	
264	14.150000000	-40.359	158.782	
265	14.200000000	-40.060	126.917	
266	14.250000000	-40.427	100.195	
267	14.300000000	-40.235	72.439	
268	14.350000000	-40.722	42.658	
269	14.400000000	-41.524	9.167	
270	14.450000000	-40.823	-15.134	
271	14.500000000	-42.004	-48.859	
272	14.550000000	-42.181	-75.458	
273	14.600000000	-42.140	-108.325	
274	14.650000000	-42.070	-136.519	
275	14.700000000	-43.258	-177.536	
276	14.750000000	-42.402	160.444	
277	14.800000000	-43.244	129.519	
278	14.850000000	-42.789	98.929	
279	14.900000000	-43.588	65.876	
280	14.950000000	-44.038	41.655	
281	15.000000000	-42.763	10.513	
282	15.050000000	-43.574	-17.866	
283	15.100000000	-45.459	-64.972	
284	15.150000000	-43.240	-77.212	
285	15.200000000	-43.694	-105.100	
286	15.250000000	-43.903	-135.229	
287	15.300000000	-43.443	-158.712	
288	15.350000000	-44.004	176.414	
289	15.400000000	-44.927	148.312	
290	15.450000000	-44.323	122.032	
291	15.500000000	-44.675	100.725	
292	15.550000000	-44.094	69.801	
293	15.600000000	-45.985	44.238	
294	15.650000000	-45.930	21.999	
295	15.700000000	-45.745	-8.842	
296	15.750000000	-47.535	-34.901	
297	15.800000000	-48.224	-49.477	
298	15.850000000	-49.273	-81.322	
299	15.900000000	-49.159	-108.400	
300	15.950000000	-49.761	-129.693	
301	16.000000000	-49.655	-151.596	
302	16.050000000	-51.815	-173.214	
303	16.100000000	-54.212	111.652	
304	16.150000000	-53.567	130.295	
305	16.200000000	-53.354	114.983	
306	16.250000000	-55.502	86.387	
307	16.300000000	-52.903	78.997	
308	16.350000000	-57.247	50.858	
309	16.400000000	-54.428	27.140	
310	16.450000000	-54.596	12.046	
311	16.500000000	-52.815	2.390	
312	16.550000000	-52.729	-31.567	
313	16.600000000	-55.336	-48.821	
314	16.650000000	-54.551	-90.429	
315	16.700000000	-54.134	-101.082	
316	16.750000000	-53.760	-122.859	
317	16.800000000	-53.371	-129.098	
318	16.850000000	-52.148	-160.166	
319	16.900000000	-54.610	-157.992	
320	16.950000000	-53.992	-177.443	
321	17.000000000	-54.874	162.563	
322	17.050000000	-52.593	118.909	
323	17.100000000	-53.798	96.887	
324	17.150000000	-52.491	119.917	
325	17.200000000	-54.069	96.406	
326	17.250000000	-55.119	48.765	
327	17.300000000	-52.858	19.472	
328	17.350000000	-53.077	-5.014	
329	17.400000000	-54.789	-46.127	
330	17.450000000	-52.621	-45.925	
331	17.500000000	-54.537	-75.024	
332	17.550000000	-51.328	-95.523	
333	17.600000000	-51.750	-132.142	
334	17.650000000	-52.307	-146.405	
335	17.700000000	-53.190	158.889	
336	17.750000000	-52.540	160.310	
337	17.800000000	-52.623	156.504	
338	17.850000000	-52.986	132.580	
339	17.900000000	-51.628	119.991	
340	17.950000000	-54.207	95.671	
341	18.000000000	-55.938	71.521	
342	18.050000000	-51.447	76.261	
343	18.100000000	-52.231	57.001	
344	18.150000000	-52.456	39.057	
345	18.200000000	-50.189	42.899	
346	18.250000000	-50.288	8.085	
347	18.300000000	-48.420	-28.523	
348	18.350000000	-48.683	-41.262	
349	18.400000000	-47.783	-65.290	
350	18.450000000	-47.260	-91.088	
351	18.500000000	-46.274	-103.643	
352	18.550000000	-45.846	-125.320	
353	18.600000000	-46.684	-156.626	
354	18.650000000	-45.119	178.733	
355	18.700000000	-47.974	158.355	
356	18.750000000	-46.389	118.249	
357	18.800000000	-46.053	98.078	
358	18.850000000	-45.623	67.644	
359	18.900000000	-46.096	43.015	
360	18.950000000	-44.247	14.345	
361	19.000000000	-44.372	-16.900	
362	19.050000000	-45.165	-42.233	
363	19.100000000	-44.810	-69.262	
364	19.150000000	-46.032	-101.808	
365	19.200000000	-45.473	-119.907	
366	19.250000000	-45.951	-157.205	
367	19.300000000	-45.180	-176.922	
368	19.350000000	-46.202	164.152	
369	19.400000000	-45.720	127.845	
370	19.450000000	-45.153	101.040	
371	19.500000000	-44.629	82.917	
372	19.550000000	-45.555	49.917	
373	19.600000000	-44.612	27.808	
374	19.650000000	-45.665	1.056	
375	19.700000000	-45.308	-24.830	
376	19.750000000	-45.483	-48.770	
377	19.800000000	-45.220	-83.865	
378	19.850000000	-49.205	-110.684	
379	19.900000000	-48.463	-123.164	
380	19.950000000	-48.951	-153.751	
381	20.000000000	-49.066	-166.854	
382	20.050000000	-52.346	164.379	
383	20.100000000	-52.040	146.090	
384	20.150000000	-59.211	144.830	
385	20.200000000	-57.313	125.884	
386	20.250000000	-59.115	145.027	
387	20.300000000	-54.803	135.876	
388	20.350000000	-59.004	119.957	
389	20.400000000	-56.018	114.708	
390	20.450000000	-52.722	92.506	
391	20.500000000	-51.207	71.538	
392	20.550000000	-51.218	50.757	
393	20.600000000	-52.214	22.991	
394	20.650000000	-50.436	3.200	
395	20.700000000	-52.284	-27.787	
396	20.750000000	-49.566	-54.885	
397	20.800000000	-52.485	-80.542	
398	20.850000000	-52.117	-102.427	
399	20.900000000	-52.283	-133.389	
400	20.950000000	-51.489	-156.840	
401	21.000000000	-50.890	179.167	
