1	1.000000000	-8.409	
2	1.050000000	-11.955	
3	1.100000000	-17.034	
4	1.150000000	-24.278	
5	1.200000000	-26.117	
6	1.250000000	-18.344	
7	1.300000000	-17.418	
8	1.350000000	-17.360	
9	1.400000000	-14.443	
10	1.450000000	-13.215	
11	1.500000000	-12.843	
12	1.550000000	-12.749	
13	1.600000000	-11.535	
14	1.650000000	-11.874	
15	1.700000000	-11.520	
16	1.750000000	-11.069	
17	1.800000000	-11.471	
18	1.850000000	-12.739	
19	1.900000000	-12.159	
20	1.950000000	-12.262	
21	2.000000000	-13.074	
22	2.050000000	-13.909	
23	2.100000000	-13.629	
24	2.150000000	-14.469	
25	2.200000000	-16.002	
26	2.250000000	-16.199	
27	2.300000000	-16.856	
28	2.350000000	-20.828	
29	2.400000000	-23.233	
30	2.450000000	-26.164	
31	2.500000000	-29.997	
32	2.550000000	-30.321	
33	2.600000000	-31.080	
34	2.650000000	-36.769	
35	2.700000000	-29.173	
36	2.750000000	-25.163	
37	2.800000000	-26.941	
38	2.850000000	-27.887	
39	2.900000000	-26.268	
40	2.950000000	-28.010	
41	3.000000000	-32.909	
42	3.050000000	-24.493	
43	3.100000000	-23.327	
44	3.150000000	-27.552	
45	3.200000000	-21.111	
46	3.250000000	-17.686	
47	3.300000000	-20.206	
48	3.350000000	-16.947	
49	3.400000000	-15.550	
50	3.450000000	-17.368	
51	3.500000000	-17.080	
52	3.550000000	-14.743	
53	3.600000000	-16.405	
54	3.650000000	-19.169	
55	3.700000000	-17.091	
56	3.750000000	-18.347	
57	3.800000000	-25.652	
58	3.850000000	-21.734	
59	3.900000000	-23.432	
60	3.950000000	-45.272	
61	4.000000000	-25.442	
62	4.050000000	-27.649	
63	4.100000000	-33.149	
64	4.150000000	-25.649	
65	4.200000000	-29.473	
66	4.250000000	-31.905	
67	4.300000000	-44.794	
68	4.350000000	-24.517	
69	4.400000000	-20.311	
70	4.450000000	-24.186	
71	4.500000000	-19.751	
72	4.550000000	-17.113	
73	4.600000000	-18.382	
74	4.650000000	-18.410	
75	4.700000000	-16.609	
76	4.750000000	-18.843	
77	4.800000000	-20.458	
78	4.850000000	-17.518	
79	4.900000000	-19.336	
80	4.950000000	-25.770	
81	5.000000000	-20.617	
82	5.050000000	-21.767	
83	5.100000000	-34.359	
84	5.150000000	-30.445	
85	5.200000000	-23.879	
86	5.250000000	-24.357	
87	5.300000000	-38.784	
88	5.350000000	-24.461	
89	5.400000000	-22.201	
90	5.450000000	-31.704	
91	5.500000000	-22.568	
92	5.550000000	-19.775	
93	5.600000000	-23.944	
94	5.650000000	-19.993	
95	5.700000000	-16.633	
96	5.750000000	-19.144	
97	5.800000000	-19.139	
98	5.850000000	-15.663	
99	5.900000000	-18.276	
100	5.950000000	-19.891	
101	6.000000000	-16.927	
102	6.050000000	-18.622	
103	6.100000000	-25.149	
104	6.150000000	-19.232	
105	6.200000000	-22.103	
106	6.250000000	-62.035	
107	6.300000000	-26.394	
108	6.350000000	-25.960	
109	6.400000000	-26.279	
110	6.450000000	-27.248	
111	6.500000000	-31.927	
112	6.550000000	-21.546	
113	6.600000000	-23.748	
114	6.650000000	-41.944	
115	6.700000000	-20.932	
116	6.750000000	-22.537	
117	6.800000000	-39.957	
118	6.850000000	-24.575	
119	6.900000000	-23.589	
120	6.950000000	-30.831	
121	7.000000000	-28.768	
122	7.050000000	-21.600	
123	7.100000000	-28.388	
124	7.150000000	-28.518	
125	7.200000000	-21.538	
126	7.250000000	-24.803	
127	7.300000000	-28.322	
128	7.350000000	-20.879	
129	7.400000000	-22.606	
130	7.450000000	-27.474	
131	7.500000000	-20.718	
132	7.550000000	-22.630	
133	7.600000000	-29.056	
134	7.650000000	-22.061	
135	7.700000000	-21.401	
136	7.750000000	-32.214	
137	7.800000000	-24.265	
138	7.850000000	-25.269	
139	7.900000000	-38.971	
140	7.950000000	-25.792	
141	8.000000000	-32.227	
142	8.050000000	-32.178	
143	8.100000000	-26.626	
144	8.150000000	-37.166	
145	8.200000000	-29.441	
146	8.250000000	-26.163	
147	8.300000000	-37.936	
148	8.350000000	-28.572	
149	8.400000000	-26.920	
150	8.450000000	-50.549	
151	8.500000000	-24.017	
152	8.550000000	-25.282	
153	8.600000000	-29.056	
154	8.650000000	-20.427	
155	8.700000000	-23.580	
156	8.750000000	-26.337	
157	8.800000000	-20.288	
158	8.850000000	-21.888	
159	8.900000000	-23.011	
160	8.950000000	-19.377	
161	9.000000000	-23.824	
162	9.050000000	-21.519	
163	9.100000000	-16.417	
164	9.150000000	-19.944	
165	9.200000000	-19.947	
166	9.250000000	-16.932	
167	9.300000000	-18.219	
168	9.350000000	-17.651	
169	9.400000000	-16.137	
170	9.450000000	-17.207	
171	9.500000000	-16.824	
172	9.550000000	-15.986	
173	9.600000000	-18.398	
174	9.650000000	-17.952	
175	9.700000000	-17.629	
176	9.750000000	-20.570	
177	9.800000000	-20.636	
178	9.850000000	-19.799	
179	9.900000000	-22.327	
180	9.950000000	-22.603	
181	10.000000000	-20.312	
182	10.050000000	-23.171	
183	10.100000000	-22.218	
184	10.150000000	-19.543	
185	10.200000000	-23.632	
186	10.250000000	-21.258	
187	10.300000000	-18.819	
188	10.350000000	-23.188	
189	10.400000000	-20.037	
190	10.450000000	-18.805	
191	10.500000000	-22.341	
192	10.550000000	-19.912	
193	10.600000000	-19.147	
194	10.650000000	-23.352	
195	10.700000000	-20.334	
196	10.750000000	-19.728	
197	10.800000000	-25.765	
198	10.850000000	-21.469	
199	10.900000000	-21.011	
200	10.950000000	-27.777	
201	11.000000000	-22.265	
202	11.050000000	-22.078	
203	11.100000000	-33.808	
204	11.150000000	-22.437	
205	11.200000000	-22.793	
206	11.250000000	-34.584	
207	11.300000000	-22.727	
208	11.350000000	-22.273	
209	11.400000000	-31.813	
210	11.450000000	-22.062	
211	11.500000000	-21.092	
212	11.550000000	-26.592	
213	11.600000000	-21.156	
214	11.650000000	-19.813	
215	11.700000000	-24.162	
216	11.750000000	-20.124	
217	11.800000000	-18.546	
218	11.850000000	-22.740	
219	11.900000000	-19.741	
220	11.950000000	-18.103	
221	12.000000000	-21.779	
222	12.050000000	-18.750	
223	12.100000000	-18.252	
224	12.150000000	-21.705	
225	12.200000000	-17.913	
226	12.250000000	-17.066	
227	12.300000000	-20.869	
228	12.350000000	-16.775	
229	12.400000000	-16.570	
230	12.450000000	-19.953	
231	12.500000000	-15.838	
232	12.550000000	-16.001	
233	12.600000000	-19.030	
234	12.650000000	-14.890	
235	12.700000000	-15.540	
236	12.750000000	-17.749	
237	12.800000000	-14.481	
238	12.850000000	-14.787	
239	12.900000000	-16.694	
240	12.950000000	-13.729	
241	13.000000000	-14.859	
242	13.050000000	-15.666	
243	13.100000000	-13.491	
244	13.150000000	-15.137	
245	13.200000000	-15.135	
246	13.250000000	-13.664	
247	13.300000000	-15.364	
248	13.350000000	-14.800	
249	13.400000000	-13.760	
250	13.450000000	-15.710	
251	13.500000000	-14.408	
252	13.550000000	-13.693	
253	13.600000000	-15.734	
254	13.650000000	-14.070	
255	13.700000000	-13.584	
256	13.750000000	-15.579	
257	13.800000000	-13.893	
258	13.850000000	-13.961	
259	13.900000000	-15.363	
260	13.950000000	-13.802	
261	14.000000000	-13.842	
262	14.050000000	-14.863	
263	14.100000000	-13.479	
264	14.150000000	-13.849	
265	14.200000000	-14.276	
266	14.250000000	-13.016	
267	14.300000000	-13.750	
268	14.350000000	-13.632	
269	14.400000000	-12.978	
270	14.450000000	-13.821	
271	14.500000000	-13.382	
272	14.550000000	-12.872	
273	14.600000000	-13.756	
274	14.650000000	-13.119	
275	14.700000000	-12.984	
276	14.750000000	-13.838	
277	14.800000000	-12.644	
278	14.850000000	-13.159	
279	14.900000000	-13.556	
280	14.950000000	-12.826	
281	15.000000000	-13.365	
282	15.050000000	-13.194	
283	15.100000000	-12.553	
284	15.150000000	-13.567	
285	15.200000000	-12.883	
286	15.250000000	-12.493	
287	15.300000000	-13.322	
288	15.350000000	-12.420	
289	15.400000000	-12.633	
290	15.450000000	-13.398	
291	15.500000000	-12.227	
292	15.550000000	-12.659	
293	15.600000000	-13.716	
294	15.650000000	-12.221	
295	15.700000000	-13.104	
296	15.750000000	-13.893	
297	15.800000000	-12.290	
298	15.850000000	-13.571	
299	15.900000000	-13.719	
300	15.950000000	-12.551	
301	16.000000000	-13.464	
302	16.050000000	-13.214	
303	16.100000000	-12.354	
304	16.150000000	-13.428	
305	16.200000000	-12.962	
306	16.250000000	-12.389	
307	16.300000000	-13.466	
308	16.350000000	-12.736	
309	16.400000000	-12.425	
310	16.450000000	-13.559	
311	16.500000000	-12.357	
312	16.550000000	-12.320	
313	16.600000000	-13.585	
314	16.650000000	-11.591	
315	16.700000000	-12.466	
316	16.750000000	-13.297	
317	16.800000000	-11.411	
318	16.850000000	-12.571	
319	16.900000000	-12.945	
320	16.950000000	-11.294	
321	17.000000000	-12.856	
322	17.050000000	-12.341	
323	17.100000000	-11.035	
324	17.150000000	-12.584	
325	17.200000000	-11.540	
326	17.250000000	-10.825	
327	17.300000000	-12.572	
328	17.350000000	-10.752	
329	17.400000000	-10.629	
330	17.450000000	-12.537	
331	17.500000000	-10.326	
332	17.550000000	-10.747	
333	17.600000000	-12.490	
334	17.650000000	-9.985	
335	17.700000000	-10.978	
336	17.750000000	-12.303	
337	17.800000000	-9.883	
338	17.850000000	-11.166	
339	17.900000000	-12.128	
340	17.950000000	-9.933	
341	18.000000000	-11.701	
342	18.050000000	-11.760	
343	18.100000000	-10.080	
344	18.150000000	-11.769	
345	18.200000000	-11.253	
346	18.250000000	-9.851	
347	18.300000000	-11.782	
348	18.350000000	-10.250	
349	18.400000000	-9.728	
350	18.450000000	-11.703	
351	18.500000000	-9.803	
352	18.550000000	-9.860	
353	18.600000000	-11.932	
354	18.650000000	-9.679	
355	18.700000000	-10.187	
356	18.750000000	-12.134	
357	18.800000000	-9.513	
358	18.850000000	-10.479	
359	18.900000000	-11.757	
360	18.950000000	-9.287	
361	19.000000000	-10.624	
362	19.050000000	-11.183	
363	19.100000000	-9.015	
364	19.150000000	-10.478	
365	19.200000000	-10.403	
366	19.250000000	-8.892	
367	19.300000000	-10.585	
368	19.350000000	-9.941	
369	19.400000000	-8.906	
370	19.450000000	-10.747	
371	19.500000000	-9.504	
372	19.550000000	-9.218	
373	19.600000000	-11.115	
374	19.650000000	-9.289	
375	19.700000000	-9.688	
376	19.750000000	-11.429	
377	19.800000000	-9.416	
378	19.850000000	-10.152	
379	19.900000000	-11.413	
380	19.950000000	-9.275	
381	20.000000000	-10.522	
382	20.050000000	-10.975	
383	20.100000000	-9.084	
384	20.150000000	-10.576	
385	20.200000000	-10.640	
386	20.250000000	-9.139	
387	20.300000000	-10.891	
388	20.350000000	-10.278	
389	20.400000000	-9.388	
390	20.450000000	-11.282	
391	20.500000000	-9.828	
392	20.550000000	-9.684	
393	20.600000000	-11.519	
394	20.650000000	-9.497	
395	20.700000000	-9.864	
396	20.750000000	-11.626	
397	20.800000000	-9.110	
398	20.850000000	-10.227	
399	20.900000000	-11.392	
400	20.950000000	-8.789	
401	21.000000000	-10.646	
