1	1.000000000	-9.539	
2	1.005625000	-10.043	
3	1.011250000	-10.371	
4	1.016875000	-10.395	
5	1.022500000	-10.416	
6	1.028125000	-10.406	
7	1.033750000	-10.455	
8	1.039375000	-10.660	
9	1.045000000	-10.788	
10	1.050625000	-11.118	
11	1.056250000	-11.641	
12	1.061875000	-12.379	
13	1.067500000	-13.212	
14	1.073125000	-14.012	
15	1.078750000	-14.525	
16	1.084375000	-15.076	
17	1.090000000	-15.332	
18	1.095625000	-15.354	
19	1.101250000	-15.682	
20	1.106875000	-16.139	
21	1.112500000	-16.619	
22	1.118125000	-17.353	
23	1.123750000	-18.192	
24	1.129375000	-19.263	
25	1.135000000	-21.070	
26	1.140625000	-22.478	
27	1.146250000	-22.670	
28	1.151875000	-22.514	
29	1.157500000	-21.819	
30	1.163125000	-21.227	
31	1.168750000	-21.039	
32	1.174375000	-20.987	
33	1.180000000	-21.207	
34	1.185625000	-21.868	
35	1.191250000	-22.845	
36	1.196875000	-22.923	
37	1.202500000	-21.599	
38	1.208125000	-19.542	
39	1.213750000	-18.127	
40	1.219375000	-17.530	
41	1.225000000	-17.348	
42	1.230625000	-17.098	
43	1.236250000	-17.615	
44	1.241875000	-18.188	
45	1.247500000	-18.430	
46	1.253125000	-18.401	
47	1.258750000	-18.125	
48	1.264375000	-17.792	
49	1.270000000	-17.249	
50	1.275625000	-16.509	
51	1.281250000	-15.970	
52	1.286875000	-16.075	
53	1.292500000	-16.068	
54	1.298125000	-16.254	
55	1.303750000	-16.349	
56	1.309375000	-16.245	
57	1.315000000	-16.113	
58	1.320625000	-15.966	
59	1.326250000	-15.570	
60	1.331875000	-15.021	
61	1.337500000	-14.254	
62	1.343125000	-13.553	
63	1.348750000	-12.931	
64	1.354375000	-12.777	
65	1.360000000	-13.039	
66	1.365625000	-13.445	
67	1.371250000	-14.020	
68	1.376875000	-14.386	
69	1.382500000	-14.789	
70	1.388125000	-14.786	
71	1.393750000	-14.422	
72	1.399375000	-14.139	
73	1.405000000	-13.840	
74	1.410625000	-13.426	
75	1.416250000	-13.039	
76	1.421875000	-13.046	
77	1.427500000	-13.350	
78	1.433125000	-13.342	
79	1.438750000	-13.614	
80	1.444375000	-13.942	
81	1.450000000	-13.875	
82	1.455625000	-13.717	
83	1.461250000	-13.234	
84	1.466875000	-12.616	
85	1.472500000	-12.115	
86	1.478125000	-11.545	
87	1.483750000	-11.060	
88	1.489375000	-10.820	
89	1.495000000	-10.848	
90	1.500625000	-11.066	
91	1.506250000	-11.366	
92	1.511875000	-11.727	
93	1.517500000	-11.987	
94	1.523125000	-11.846	
95	1.528750000	-11.492	
96	1.534375000	-10.834	
97	1.540000000	-10.250	
98	1.545625000	-9.897	
99	1.551250000	-9.674	
100	1.556875000	-9.785	
101	1.562500000	-10.029	
102	1.568125000	-10.577	
103	1.573750000	-11.110	
104	1.579375000	-11.830	
105	1.585000000	-12.337	
106	1.590625000	-12.449	
107	1.596250000	-12.294	
108	1.601875000	-11.886	
109	1.607500000	-11.387	
110	1.613125000	-10.850	
111	1.618750000	-10.606	
112	1.624375000	-10.424	
113	1.630000000	-10.168	
114	1.635625000	-10.518	
115	1.641250000	-11.113	
116	1.646875000	-11.920	
117	1.652500000	-12.618	
118	1.658125000	-12.906	
119	1.663750000	-12.571	
120	1.669375000	-11.972	
121	1.675000000	-11.325	
122	1.680625000	-10.723	
123	1.686250000	-10.355	
124	1.691875000	-10.344	
125	1.697500000	-10.516	
126	1.703125000	-10.860	
127	1.708750000	-11.605	
128	1.714375000	-12.601	
129	1.720000000	-13.542	
130	1.725625000	-14.175	
131	1.731250000	-13.888	
132	1.736875000	-12.837	
133	1.742500000	-11.875	
134	1.748125000	-11.137	
135	1.753750000	-10.445	
136	1.759375000	-10.115	
137	1.765000000	-10.257	
138	1.770625000	-10.748	
139	1.776250000	-11.393	
140	1.781875000	-12.517	
141	1.787500000	-13.711	
142	1.793125000	-14.422	
143	1.798750000	-14.278	
144	1.804375000	-13.513	
145	1.810000000	-12.421	
146	1.815625000	-11.407	
147	1.821250000	-10.688	
148	1.826875000	-10.339	
149	1.832500000	-10.333	
150	1.838125000	-10.752	
151	1.843750000	-11.569	
152	1.849375000	-12.723	
153	1.855000000	-13.831	
154	1.860625000	-14.415	
155	1.866250000	-14.104	
156	1.871875000	-13.012	
157	1.877500000	-11.807	
158	1.883125000	-10.983	
159	1.888750000	-10.484	
160	1.894375000	-10.298	
161	1.900000000	-10.665	
162	1.905625000	-11.254	
163	1.911250000	-12.288	
164	1.916875000	-13.614	
165	1.922500000	-14.943	
166	1.928125000	-15.711	
167	1.933750000	-14.988	
168	1.939375000	-13.569	
169	1.945000000	-12.321	
170	1.950625000	-11.291	
171	1.956250000	-10.671	
172	1.961875000	-10.474	
173	1.967500000	-10.807	
174	1.973125000	-11.528	
175	1.978750000	-12.561	
176	1.984375000	-14.118	
177	1.990000000	-15.466	
178	1.995625000	-16.061	
179	2.001250000	-15.161	
180	2.006875000	-13.547	
181	2.012500000	-12.216	
182	2.018125000	-11.438	
183	2.023750000	-11.004	
184	2.029375000	-10.957	
185	2.035000000	-11.308	
186	2.040625000	-12.092	
187	2.046250000	-13.409	
188	2.051875000	-14.892	
189	2.057500000	-16.202	
190	2.063125000	-16.484	
191	2.068750000	-15.474	
192	2.074375000	-13.975	
193	2.080000000	-12.685	
194	2.085625000	-11.815	
195	2.091250000	-11.351	
196	2.096875000	-11.306	
197	2.102500000	-11.698	
198	2.108125000	-12.583	
199	2.113750000	-13.890	
200	2.119375000	-15.665	
201	2.125000000	-17.592	
202	2.130625000	-18.444	
203	2.136250000	-17.379	
204	2.141875000	-15.776	
205	2.147500000	-14.193	
206	2.153125000	-13.026	
207	2.158750000	-12.498	
208	2.164375000	-12.391	
209	2.170000000	-12.729	
210	2.175625000	-13.488	
211	2.181250000	-14.868	
212	2.186875000	-16.656	
213	2.192500000	-18.465	
214	2.198125000	-19.229	
215	2.203750000	-18.014	
216	2.209375000	-16.115	
217	2.215000000	-14.524	
218	2.220625000	-13.403	
219	2.226250000	-12.768	
220	2.231875000	-12.646	
221	2.237500000	-13.013	
222	2.243125000	-13.816	
223	2.248750000	-15.146	
224	2.254375000	-17.121	
225	2.260000000	-19.421	
226	2.265625000	-20.534	
227	2.271250000	-19.271	
228	2.276875000	-17.155	
229	2.282500000	-15.438	
230	2.288125000	-14.291	
231	2.293750000	-13.713	
232	2.299375000	-13.618	
233	2.305000000	-14.002	
234	2.310625000	-14.976	
235	2.316250000	-16.688	
236	2.321875000	-19.180	
237	2.327500000	-22.209	
238	2.333125000	-24.452	
239	2.338750000	-22.683	
240	2.344375000	-19.871	
241	2.350000000	-17.635	
242	2.355625000	-16.269	
243	2.361250000	-15.602	
244	2.366875000	-15.437	
245	2.372500000	-15.797	
246	2.378125000	-16.646	
247	2.383750000	-18.190	
248	2.389375000	-20.447	
249	2.395000000	-23.821	
250	2.400625000	-28.401	
251	2.406250000	-27.416	
252	2.411875000	-23.047	
253	2.417500000	-19.993	
254	2.423125000	-17.969	
255	2.428750000	-16.872	
256	2.434375000	-16.431	
257	2.440000000	-16.475	
258	2.445625000	-16.995	
259	2.451250000	-18.345	
260	2.456875000	-20.744	
261	2.462500000	-25.017	
262	2.468125000	-33.785	
263	2.473750000	-34.493	
264	2.479375000	-25.768	
265	2.485000000	-22.003	
266	2.490625000	-19.848	
267	2.496250000	-18.702	
268	2.501875000	-18.393	
269	2.507500000	-18.773	
270	2.513125000	-19.556	
271	2.518750000	-21.050	
272	2.524375000	-23.091	
273	2.530000000	-25.463	
274	2.535625000	-28.192	
275	2.541250000	-29.280	
276	2.546875000	-29.659	
277	2.552500000	-27.798	
278	2.558125000	-25.447	
279	2.563750000	-23.987	
280	2.569375000	-22.720	
281	2.575000000	-21.761	
282	2.580625000	-21.032	
283	2.586250000	-20.940	
284	2.591875000	-21.419	
285	2.597500000	-22.488	
286	2.603125000	-24.430	
287	2.608750000	-27.296	
288	2.614375000	-30.159	
289	2.620000000	-30.204	
290	2.625625000	-28.346	
291	2.631250000	-25.836	
292	2.636875000	-23.843	
293	2.642500000	-22.897	
294	2.648125000	-22.148	
295	2.653750000	-21.714	
296	2.659375000	-21.629	
297	2.665000000	-21.767	
298	2.670625000	-21.886	
299	2.676250000	-22.447	
300	2.681875000	-23.674	
301	2.687500000	-25.355	
302	2.693125000	-28.475	
303	2.698750000	-32.755	
304	2.704375000	-33.783	
305	2.710000000	-28.419	
306	2.715625000	-24.843	
307	2.721250000	-22.429	
308	2.726875000	-20.850	
309	2.732500000	-19.884	
310	2.738125000	-19.545	
311	2.743750000	-19.937	
312	2.749375000	-20.871	
313	2.755000000	-22.897	
314	2.760625000	-26.641	
315	2.766250000	-35.215	
316	2.771875000	-35.882	
317	2.777500000	-27.599	
318	2.783125000	-23.553	
319	2.788750000	-21.141	
320	2.794375000	-19.826	
321	2.800000000	-19.047	
322	2.805625000	-18.948	
323	2.811250000	-19.246	
324	2.816875000	-20.025	
325	2.822500000	-21.760	
326	2.828125000	-24.754	
327	2.833750000	-29.419	
328	2.839375000	-35.284	
329	2.845000000	-30.537	
330	2.850625000	-25.729	
331	2.856250000	-22.696	
332	2.861875000	-20.981	
333	2.867500000	-20.053	
334	2.873125000	-19.938	
335	2.878750000	-20.374	
336	2.884375000	-21.494	
337	2.890000000	-23.440	
338	2.895625000	-26.590	
339	2.901250000	-30.712	
340	2.906875000	-32.832	
341	2.912500000	-28.117	
342	2.918125000	-24.300	
343	2.923750000	-22.113	
344	2.929375000	-20.898	
345	2.935000000	-20.361	
346	2.940625000	-20.335	
347	2.946250000	-20.647	
348	2.951875000	-21.469	
349	2.957500000	-23.030	
350	2.963125000	-25.572	
351	2.968750000	-28.532	
352	2.974375000	-29.503	
353	2.980000000	-27.013	
354	2.985625000	-24.208	
355	2.991250000	-22.112	
356	2.996875000	-20.670	
357	3.002500000	-19.928	
358	3.008125000	-19.571	
359	3.013750000	-19.719	
360	3.019375000	-20.394	
361	3.025000000	-21.666	
362	3.030625000	-23.410	
363	3.036250000	-25.312	
364	3.041875000	-26.106	
365	3.047500000	-25.000	
366	3.053125000	-23.211	
367	3.058750000	-21.622	
368	3.064375000	-20.472	
369	3.070000000	-19.891	
370	3.075625000	-19.759	
371	3.081250000	-20.154	
372	3.086875000	-21.091	
373	3.092500000	-22.138	
374	3.098125000	-22.879	
375	3.103750000	-23.139	
376	3.109375000	-22.306	
377	3.115000000	-20.872	
378	3.120625000	-19.522	
379	3.126250000	-18.490	
380	3.131875000	-17.893	
381	3.137500000	-17.772	
382	3.143125000	-17.939	
383	3.148750000	-18.485	
384	3.154375000	-19.373	
385	3.160000000	-20.450	
386	3.165625000	-21.281	
387	3.171250000	-21.233	
388	3.176875000	-20.242	
389	3.182500000	-18.866	
390	3.188125000	-17.663	
391	3.193750000	-16.818	
392	3.199375000	-16.371	
393	3.205000000	-16.416	
394	3.210625000	-16.822	
395	3.216250000	-17.489	
396	3.221875000	-18.526	
397	3.227500000	-19.638	
398	3.233125000	-20.245	
399	3.238750000	-19.854	
400	3.244375000	-18.599	
401	3.250000000	-17.200	
402	3.255625000	-16.083	
403	3.261250000	-15.398	
404	3.266875000	-15.137	
405	3.272500000	-15.230	
406	3.278125000	-15.756	
407	3.283750000	-16.785	
408	3.289375000	-18.094	
409	3.295000000	-19.402	
410	3.300625000	-19.716	
411	3.306250000	-18.674	
412	3.311875000	-17.045	
413	3.317500000	-15.490	
414	3.323125000	-14.341	
415	3.328750000	-13.585	
416	3.334375000	-13.160	
417	3.340000000	-13.144	
418	3.345625000	-13.560	
419	3.351250000	-14.429	
420	3.356875000	-15.753	
421	3.362500000	-17.330	
422	3.368125000	-18.831	
423	3.373750000	-19.142	
424	3.379375000	-17.899	
425	3.385000000	-16.235	
426	3.390625000	-14.794	
427	3.396250000	-13.809	
428	3.401875000	-13.255	
429	3.407500000	-13.127	
430	3.413125000	-13.444	
431	3.418750000	-14.284	
432	3.424375000	-15.563	
433	3.430000000	-17.177	
434	3.435625000	-18.783	
435	3.441250000	-19.429	
436	3.446875000	-18.325	
437	3.452500000	-16.598	
438	3.458125000	-14.965	
439	3.463750000	-13.795	
440	3.469375000	-13.194	
441	3.475000000	-13.067	
442	3.480625000	-13.342	
443	3.486250000	-13.993	
444	3.491875000	-15.136	
445	3.497500000	-16.821	
446	3.503125000	-18.687	
447	3.508750000	-19.784	
448	3.514375000	-18.888	
449	3.520000000	-16.862	
450	3.525625000	-15.098	
451	3.531250000	-13.850	
452	3.536875000	-13.083	
453	3.542500000	-12.794	
454	3.548125000	-12.916	
455	3.553750000	-13.470	
456	3.559375000	-14.548	
457	3.565000000	-16.091	
458	3.570625000	-18.069	
459	3.576250000	-19.746	
460	3.581875000	-19.549	
461	3.587500000	-17.812	
462	3.593125000	-15.900	
463	3.598750000	-14.533	
464	3.604375000	-13.615	
465	3.610000000	-13.255	
466	3.615625000	-13.337	
467	3.621250000	-14.035	
468	3.626875000	-15.184	
469	3.632500000	-17.018	
470	3.638125000	-19.569	
471	3.643750000	-21.998	
472	3.649375000	-21.768	
473	3.655000000	-19.223	
474	3.660625000	-16.884	
475	3.666250000	-15.292	
476	3.671875000	-14.316	
477	3.677500000	-13.876	
478	3.683125000	-13.906	
479	3.688750000	-14.444	
480	3.694375000	-15.593	
481	3.700000000	-17.432	
482	3.705625000	-20.153	
483	3.711250000	-24.003	
484	3.716875000	-26.220	
485	3.722500000	-22.912	
486	3.728125000	-19.572	
487	3.733750000	-17.396	
488	3.739375000	-16.011	
489	3.745000000	-15.222	
490	3.750625000	-15.004	
491	3.756250000	-15.357	
492	3.761875000	-16.291	
493	3.767500000	-17.996	
494	3.773125000	-20.832	
495	3.778750000	-25.818	
496	3.784375000	-34.412	
497	3.790000000	-28.363	
498	3.795625000	-22.841	
499	3.801250000	-19.711	
500	3.806875000	-18.029	
501	3.812500000	-17.102	
502	3.818125000	-16.941	
503	3.823750000	-17.210	
504	3.829375000	-17.916	
505	3.835000000	-19.227	
506	3.840625000	-21.222	
507	3.846250000	-24.312	
508	3.851875000	-30.277	
509	3.857500000	-45.319	
510	3.863125000	-29.896	
511	3.868750000	-24.671	
512	3.874375000	-21.978	
513	3.880000000	-20.398	
514	3.885625000	-19.487	
515	3.891250000	-19.166	
516	3.896875000	-19.344	
517	3.902500000	-19.916	
518	3.908125000	-21.014	
519	3.913750000	-22.600	
520	3.919375000	-25.041	
521	3.925000000	-28.867	
522	3.930625000	-32.642	
523	3.936250000	-30.295	
524	3.941875000	-26.392	
525	3.947500000	-23.695	
526	3.953125000	-21.869	
527	3.958750000	-20.953	
528	3.964375000	-20.542	
529	3.970000000	-20.513	
530	3.975625000	-21.014	
531	3.981250000	-21.806	
532	3.986875000	-23.079	
533	3.992500000	-25.053	
534	3.998125000	-27.361	
535	4.003750000	-29.164	
536	4.009375000	-29.040	
537	4.015000000	-27.236	
538	4.020625000	-25.069	
539	4.026250000	-23.181	
540	4.031875000	-22.063	
541	4.037500000	-21.386	
542	4.043125000	-21.159	
543	4.048750000	-21.388	
544	4.054375000	-22.007	
545	4.060000000	-22.983	
546	4.065625000	-24.809	
547	4.071250000	-27.683	
548	4.076875000	-32.042	
549	4.082500000	-34.594	
550	4.088125000	-30.245	
551	4.093750000	-26.592	
552	4.099375000	-24.248	
553	4.105000000	-22.822	
554	4.110625000	-22.193	
555	4.116250000	-22.205	
556	4.121875000	-22.752	
557	4.127500000	-23.965	
558	4.133125000	-25.697	
559	4.138750000	-28.053	
560	4.144375000	-30.844	
561	4.150000000	-32.548	
562	4.155625000	-31.095	
563	4.161250000	-28.623	
564	4.166875000	-26.231	
565	4.172500000	-24.604	
566	4.178125000	-23.781	
567	4.183750000	-23.648	
568	4.189375000	-24.323	
569	4.195000000	-25.409	
570	4.200625000	-27.409	
571	4.206250000	-30.837	
572	4.211875000	-35.210	
573	4.217500000	-33.057	
574	4.223125000	-28.986	
575	4.228750000	-26.161	
576	4.234375000	-24.330	
577	4.240000000	-23.212	
578	4.245625000	-22.889	
579	4.251250000	-23.140	
580	4.256875000	-24.066	
581	4.262500000	-25.754	
582	4.268125000	-28.541	
583	4.273750000	-33.328	
584	4.279375000	-40.803	
585	4.285000000	-32.290	
586	4.290625000	-27.234	
587	4.296250000	-24.191	
588	4.301875000	-22.267	
589	4.307500000	-21.157	
590	4.313125000	-20.521	
591	4.318750000	-20.413	
592	4.324375000	-20.882	
593	4.330000000	-22.119	
594	4.335625000	-24.025	
595	4.341250000	-27.060	
596	4.346875000	-30.570	
597	4.352500000	-29.035	
598	4.358125000	-25.003	
599	4.363750000	-22.031	
600	4.369375000	-20.103	
601	4.375000000	-18.824	
602	4.380625000	-18.192	
603	4.386250000	-18.077	
604	4.391875000	-18.470	
605	4.397500000	-19.399	
606	4.403125000	-20.740	
607	4.408750000	-22.483	
608	4.414375000	-24.368	
609	4.420000000	-24.841	
610	4.425625000	-23.231	
611	4.431250000	-20.942	
612	4.436875000	-19.045	
613	4.442500000	-17.678	
614	4.448125000	-16.823	
615	4.453750000	-16.478	
616	4.459375000	-16.482	
617	4.465000000	-16.833	
618	4.470625000	-17.631	
619	4.476250000	-18.920	
620	4.481875000	-20.522	
621	4.487500000	-21.909	
622	4.493125000	-21.811	
623	4.498750000	-20.243	
624	4.504375000	-18.373	
625	4.510000000	-16.693	
626	4.515625000	-15.528	
627	4.521250000	-14.813	
628	4.526875000	-14.557	
629	4.532500000	-14.722	
630	4.538125000	-15.393	
631	4.543750000	-16.473	
632	4.549375000	-17.996	
633	4.555000000	-19.665	
634	4.560625000	-20.531	
635	4.566250000	-19.750	
636	4.571875000	-18.019	
637	4.577500000	-16.311	
638	4.583125000	-15.011	
639	4.588750000	-14.111	
640	4.594375000	-13.617	
641	4.600000000	-13.523	
642	4.605625000	-13.729	
643	4.611250000	-14.372	
644	4.616875000	-15.538	
645	4.622500000	-17.032	
646	4.628125000	-18.767	
647	4.633750000	-19.988	
648	4.639375000	-19.780	
649	4.645000000	-18.438	
650	4.650625000	-16.863	
651	4.656250000	-15.642	
652	4.661875000	-14.843	
653	4.667500000	-14.466	
654	4.673125000	-14.565	
655	4.678750000	-15.237	
656	4.684375000	-16.341	
657	4.690000000	-18.097	
658	4.695625000	-20.371	
659	4.701250000	-22.161	
660	4.706875000	-21.580	
661	4.712500000	-19.314	
662	4.718125000	-17.134	
663	4.723750000	-15.516	
664	4.729375000	-14.492	
665	4.735000000	-14.029	
666	4.740625000	-13.986	
667	4.746250000	-14.448	
668	4.751875000	-15.528	
669	4.757500000	-17.207	
670	4.763125000	-19.587	
671	4.768750000	-22.409	
672	4.774375000	-23.131	
673	4.780000000	-20.813	
674	4.785625000	-18.144	
675	4.791250000	-16.185	
676	4.796875000	-14.939	
677	4.802500000	-14.307	
678	4.808125000	-14.155	
679	4.813750000	-14.520	
680	4.819375000	-15.434	
681	4.825000000	-16.861	
682	4.830625000	-19.197	
683	4.836250000	-22.650	
684	4.841875000	-26.423	
685	4.847500000	-24.842	
686	4.853125000	-20.937	
687	4.858750000	-18.182	
688	4.864375000	-16.416	
689	4.870000000	-15.381	
690	4.875625000	-14.871	
691	4.881250000	-14.944	
692	4.886875000	-15.539	
693	4.892500000	-16.749	
694	4.898125000	-18.837	
695	4.903750000	-22.251	
696	4.909375000	-28.348	
697	4.915000000	-31.061	
698	4.920625000	-24.251	
699	4.926250000	-20.272	
700	4.931875000	-18.003	
701	4.937500000	-16.720	
702	4.943125000	-16.038	
703	4.948750000	-16.020	
704	4.954375000	-16.640	
705	4.960000000	-17.857	
706	4.965625000	-19.972	
707	4.971250000	-23.385	
708	4.976875000	-30.029	
709	4.982500000	-44.108	
710	4.988125000	-27.766	
711	4.993750000	-22.899	
712	4.999375000	-20.286	
713	5.005000000	-18.799	
714	5.010625000	-18.081	
715	5.016250000	-17.961	
716	5.021875000	-18.484	
717	5.027500000	-19.556	
718	5.033125000	-21.388	
719	5.038750000	-24.227	
720	5.044375000	-27.794	
721	5.050000000	-29.512	
722	5.055625000	-26.820	
723	5.061250000	-23.820	
724	5.066875000	-21.654	
725	5.072500000	-20.373	
726	5.078125000	-19.598	
727	5.083750000	-19.510	
728	5.089375000	-19.869	
729	5.095000000	-20.844	
730	5.100625000	-22.270	
731	5.106250000	-24.229	
732	5.111875000	-26.119	
733	5.117500000	-26.528	
734	5.123125000	-24.902	
735	5.128750000	-23.005	
736	5.134375000	-21.551	
737	5.140000000	-20.601	
738	5.145625000	-20.156	
739	5.151250000	-20.321	
740	5.156875000	-21.027	
741	5.162500000	-22.255	
742	5.168125000	-24.117	
743	5.173750000	-26.349	
744	5.179375000	-28.152	
745	5.185000000	-27.691	
746	5.190625000	-25.397	
747	5.196250000	-23.148	
748	5.201875000	-21.653	
749	5.207500000	-20.715	
750	5.213125000	-20.209	
751	5.218750000	-20.279	
752	5.224375000	-20.883	
753	5.230000000	-22.084	
754	5.235625000	-23.860	
755	5.241250000	-26.506	
756	5.246875000	-29.766	
757	5.252500000	-30.023	
758	5.258125000	-26.871	
759	5.263750000	-24.006	
760	5.269375000	-22.054	
761	5.275000000	-20.902	
762	5.280625000	-20.201	
763	5.286250000	-20.072	
764	5.291875000	-20.340	
765	5.297500000	-21.159	
766	5.303125000	-22.623	
767	5.308750000	-25.038	
768	5.314375000	-29.023	
769	5.320000000	-34.869	
770	5.325625000	-31.462	
771	5.331250000	-26.104	
772	5.336875000	-22.824	
773	5.342500000	-20.701	
774	5.348125000	-19.379	
775	5.353750000	-18.741	
776	5.359375000	-18.660	
777	5.365000000	-19.108	
778	5.370625000	-20.166	
779	5.376250000	-22.082	
780	5.381875000	-25.393	
781	5.387500000	-31.877	
782	5.393125000	-46.076	
783	5.398750000	-29.048	
784	5.404375000	-23.783	
785	5.410000000	-20.952	
786	5.415625000	-19.225	
787	5.421250000	-18.156	
788	5.426875000	-17.687	
789	5.432500000	-17.709	
790	5.438125000	-18.278	
791	5.443750000	-19.441	
792	5.449375000	-21.391	
793	5.455000000	-24.423	
794	5.460625000	-28.839	
795	5.466250000	-29.965	
796	5.471875000	-25.383	
797	5.477500000	-21.860	
798	5.483125000	-19.513	
799	5.488750000	-18.002	
800	5.494375000	-17.134	
801	5.500000000	-16.933	
802	5.505625000	-17.238	
803	5.511250000	-18.029	
804	5.516875000	-19.388	
805	5.522500000	-21.266	
806	5.528125000	-23.617	
807	5.533750000	-25.069	
808	5.539375000	-24.006	
809	5.545000000	-21.661	
810	5.550625000	-19.672	
811	5.556250000	-18.253	
812	5.561875000	-17.422	
813	5.567500000	-17.154	
814	5.573125000	-17.295	
815	5.578750000	-17.847	
816	5.584375000	-18.786	
817	5.590000000	-20.011	
818	5.595625000	-21.195	
819	5.601250000	-21.842	
820	5.606875000	-21.288	
821	5.612500000	-20.006	
822	5.618125000	-18.618	
823	5.623750000	-17.485	
824	5.629375000	-16.749	
825	5.635000000	-16.319	
826	5.640625000	-16.252	
827	5.646250000	-16.549	
828	5.651875000	-17.157	
829	5.657500000	-17.890	
830	5.663125000	-18.645	
831	5.668750000	-19.072	
832	5.674375000	-18.971	
833	5.680000000	-18.353	
834	5.685625000	-17.539	
835	5.691250000	-16.798	
836	5.696875000	-16.233	
837	5.702500000	-15.927	
838	5.708125000	-15.844	
839	5.713750000	-16.051	
840	5.719375000	-16.454	
841	5.725000000	-17.087	
842	5.730625000	-17.604	
843	5.736250000	-17.929	
844	5.741875000	-17.855	
845	5.747500000	-17.326	
846	5.753125000	-16.659	
847	5.758750000	-16.015	
848	5.764375000	-15.560	
849	5.770000000	-15.386	
850	5.775625000	-15.350	
851	5.781250000	-15.656	
852	5.786875000	-16.230	
853	5.792500000	-17.017	
854	5.798125000	-17.873	
855	5.803750000	-18.569	
856	5.809375000	-18.567	
857	5.815000000	-18.094	
858	5.820625000	-17.303	
859	5.826250000	-16.512	
860	5.831875000	-15.933	
861	5.837500000	-15.523	
862	5.843125000	-15.454	
863	5.848750000	-15.702	
864	5.854375000	-16.228	
865	5.860000000	-16.915	
866	5.865625000	-17.562	
867	5.871250000	-17.945	
868	5.876875000	-17.944	
869	5.882500000	-17.331	
870	5.888125000	-16.593	
871	5.893750000	-15.909	
872	5.899375000	-15.431	
873	5.905000000	-15.307	
874	5.910625000	-15.403	
875	5.916250000	-15.883	
876	5.921875000	-16.665	
877	5.927500000	-17.576	
878	5.933125000	-18.520	
879	5.938750000	-19.089	
880	5.944375000	-18.955	
881	5.950000000	-18.203	
882	5.955625000	-17.097	
883	5.961250000	-16.181	
884	5.966875000	-15.628	
885	5.972500000	-15.399	
886	5.978125000	-15.529	
887	5.983750000	-16.034	
888	5.989375000	-16.858	
889	5.995000000	-18.054	
890	6.000625000	-19.499	
891	6.006250000	-20.767	
892	6.011875000	-21.134	
893	6.017500000	-20.243	
894	6.023125000	-18.851	
895	6.028750000	-17.643	
896	6.034375000	-16.815	
897	6.040000000	-16.401	
898	6.045625000	-16.358	
899	6.051250000	-16.717	
900	6.056875000	-17.496	
901	6.062500000	-18.725	
902	6.068125000	-20.346	
903	6.073750000	-22.255	
904	6.079375000	-23.526	
905	6.085000000	-23.164	
906	6.090625000	-21.587	
907	6.096250000	-19.987	
908	6.101875000	-18.963	
909	6.107500000	-18.302	
910	6.113125000	-18.192	
911	6.118750000	-18.446	
912	6.124375000	-19.254	
913	6.130000000	-20.613	
914	6.135625000	-22.595	
915	6.141250000	-25.348	
916	6.146875000	-28.167	
917	6.152500000	-28.001	
918	6.158125000	-25.343	
919	6.163750000	-22.946	
920	6.169375000	-21.370	
921	6.175000000	-20.475	
922	6.180625000	-20.134	
923	6.186250000	-20.380	
924	6.191875000	-21.174	
925	6.197500000	-22.570	
926	6.203125000	-24.894	
927	6.208750000	-28.660	
928	6.214375000	-36.075	
929	6.220000000	-44.769	
930	6.225625000	-31.719	
931	6.231250000	-27.106	
932	6.236875000	-24.689	
933	6.242500000	-23.195	
934	6.248125000	-22.573	
935	6.253750000	-22.426	
936	6.259375000	-22.698	
937	6.265000000	-23.380	
938	6.270625000	-24.489	
939	6.276250000	-26.091	
940	6.281875000	-27.792	
941	6.287500000	-28.724	
942	6.293125000	-28.975	
943	6.298750000	-28.732	
944	6.304375000	-28.437	
945	6.310000000	-28.414	
946	6.315625000	-28.377	
947	6.321250000	-28.037	
948	6.326875000	-27.332	
949	6.332500000	-26.575	
950	6.338125000	-25.594	
951	6.343750000	-24.633	
952	6.349375000	-24.058	
953	6.355000000	-23.828	
954	6.360625000	-23.955	
955	6.366250000	-24.685	
956	6.371875000	-26.172	
957	6.377500000	-28.817	
958	6.383125000	-32.747	
959	6.388750000	-34.176	
960	6.394375000	-30.247	
961	6.400000000	-26.494	
962	6.405625000	-23.923	
963	6.411250000	-22.224	
964	6.416875000	-21.217	
965	6.422500000	-20.793	
966	6.428125000	-20.991	
967	6.433750000	-21.778	
968	6.439375000	-23.209	
969	6.445000000	-25.771	
970	6.450625000	-30.182	
971	6.456250000	-36.210	
972	6.461875000	-30.535	
973	6.467500000	-25.438	
974	6.473125000	-22.325	
975	6.478750000	-20.364	
976	6.484375000	-19.213	
977	6.490000000	-18.534	
978	6.495625000	-18.422	
979	6.501250000	-18.875	
980	6.506875000	-19.818	
981	6.512500000	-21.447	
982	6.518125000	-24.056	
983	6.523750000	-27.823	
984	6.529375000	-30.274	
985	6.535000000	-26.763	
986	6.540625000	-23.131	
987	6.546250000	-20.718	
988	6.551875000	-19.159	
989	6.557500000	-18.244	
990	6.563125000	-17.861	
991	6.568750000	-17.917	
992	6.574375000	-18.542	
993	6.580000000	-19.751	
994	6.585625000	-21.596	
995	6.591250000	-24.358	
996	6.596875000	-27.811	
997	6.602500000	-28.386	
998	6.608125000	-25.233	
999	6.613750000	-22.261	
1000	6.619375000	-20.285	
1001	6.625000000	-18.999	
1002	6.630625000	-18.345	
1003	6.636250000	-18.116	
1004	6.641875000	-18.466	
1005	6.647500000	-19.360	
1006	6.653125000	-20.857	
1007	6.658750000	-22.929	
1008	6.664375000	-25.277	
1009	6.670000000	-26.274	
1010	6.675625000	-24.554	
1011	6.681250000	-22.144	
1012	6.686875000	-20.278	
1013	6.692500000	-18.980	
1014	6.698125000	-18.189	
1015	6.703750000	-17.887	
1016	6.709375000	-17.997	
1017	6.715000000	-18.611	
1018	6.720625000	-19.698	
1019	6.726250000	-21.391	
1020	6.731875000	-23.770	
1021	6.737500000	-26.868	
1022	6.743125000	-29.000	
1023	6.748750000	-27.104	
1024	6.754375000	-24.157	
1025	6.760000000	-21.942	
1026	6.765625000	-20.588	
1027	6.771250000	-19.799	
1028	6.776875000	-19.548	
1029	6.782500000	-19.655	
1030	6.788125000	-20.293	
1031	6.793750000	-21.472	
1032	6.799375000	-23.110	
1033	6.805000000	-25.601	
1034	6.810625000	-28.673	
1035	6.816250000	-30.155	
1036	6.821875000	-28.091	
1037	6.827500000	-25.392	
1038	6.833125000	-23.424	
1039	6.838750000	-22.139	
1040	6.844375000	-21.419	
1041	6.850000000	-21.236	
1042	6.855625000	-21.558	
1043	6.861250000	-22.259	
1044	6.866875000	-23.520	
1045	6.872500000	-25.607	
1046	6.878125000	-28.567	
1047	6.883750000	-32.784	
1048	6.889375000	-35.273	
1049	6.895000000	-31.780	
1050	6.900625000	-28.539	
1051	6.906250000	-26.428	
1052	6.911875000	-25.188	
1053	6.917500000	-24.499	
1054	6.923125000	-24.240	
1055	6.928750000	-24.561	
1056	6.934375000	-25.311	
1057	6.940000000	-26.697	
1058	6.945625000	-28.909	
1059	6.951250000	-31.751	
1060	6.956875000	-34.378	
1061	6.962500000	-34.068	
1062	6.968125000	-31.532	
1063	6.973750000	-29.425	
1064	6.979375000	-28.006	
1065	6.985000000	-27.220	
1066	6.990625000	-26.812	
1067	6.996250000	-26.838	
1068	7.001875000	-27.373	
1069	7.007500000	-28.356	
1070	7.013125000	-29.829	
1071	7.018750000	-31.845	
1072	7.024375000	-34.213	
1073	7.030000000	-35.274	
1074	7.035625000	-33.928	
1075	7.041250000	-31.641	
1076	7.046875000	-29.558	
1077	7.052500000	-28.085	
1078	7.058125000	-27.090	
1079	7.063750000	-26.428	
1080	7.069375000	-26.167	
1081	7.075000000	-26.206	
1082	7.080625000	-26.551	
1083	7.086250000	-27.135	
1084	7.091875000	-28.080	
1085	7.097500000	-29.477	
1086	7.103125000	-31.073	
1087	7.108750000	-33.099	
1088	7.114375000	-35.061	
1089	7.120000000	-36.155	
1090	7.125625000	-35.097	
1091	7.131250000	-33.297	
1092	7.136875000	-31.412	
1093	7.142500000	-30.047	
1094	7.148125000	-29.079	
1095	7.153750000	-28.712	
1096	7.159375000	-28.829	
1097	7.165000000	-29.600	
1098	7.170625000	-30.837	
1099	7.176250000	-33.226	
1100	7.181875000	-37.196	
1101	7.187500000	-44.218	
1102	7.193125000	-42.321	
1103	7.198750000	-35.241	
1104	7.204375000	-31.227	
1105	7.210000000	-28.736	
1106	7.215625000	-27.261	
1107	7.221250000	-26.381	
1108	7.226875000	-26.001	
1109	7.232500000	-26.009	
1110	7.238125000	-26.522	
1111	7.243750000	-27.638	
1112	7.249375000	-29.318	
1113	7.255000000	-31.891	
1114	7.260625000	-36.173	
1115	7.266250000	-43.156	
1116	7.271875000	-39.721	
1117	7.277500000	-34.126	
1118	7.283125000	-31.058	
1119	7.288750000	-29.278	
1120	7.294375000	-28.394	
1121	7.300000000	-28.102	
1122	7.305625000	-28.333	
1123	7.311250000	-29.322	
1124	7.316875000	-31.188	
1125	7.322500000	-34.223	
1126	7.328125000	-38.794	
1127	7.333750000	-42.176	
1128	7.339375000	-37.057	
1129	7.345000000	-32.689	
1130	7.350625000	-29.973	
1131	7.356250000	-28.467	
1132	7.361875000	-27.558	
1133	7.367500000	-27.418	
1134	7.373125000	-27.873	
1135	7.378750000	-29.042	
1136	7.384375000	-31.002	
1137	7.390000000	-34.165	
1138	7.395625000	-38.001	
1139	7.401250000	-36.488	
1140	7.406875000	-32.094	
1141	7.412500000	-28.933	
1142	7.418125000	-26.771	
1143	7.423750000	-25.463	
1144	7.429375000	-24.673	
1145	7.435000000	-24.455	
1146	7.440625000	-24.640	
1147	7.446250000	-25.300	
1148	7.451875000	-26.607	
1149	7.457500000	-28.869	
1150	7.463125000	-32.595	
1151	7.468750000	-37.216	
1152	7.474375000	-35.354	
1153	7.480000000	-30.903	
1154	7.485625000	-27.867	
1155	7.491250000	-25.935	
1156	7.496875000	-24.702	
1157	7.502500000	-24.188	
1158	7.508125000	-24.295	
1159	7.513750000	-25.064	
1160	7.519375000	-26.537	
1161	7.525000000	-29.149	
1162	7.530625000	-33.645	
1163	7.536250000	-37.680	
1164	7.541875000	-32.545	
1165	7.547500000	-28.416	
1166	7.553125000	-25.770	
1167	7.558750000	-24.167	
1168	7.564375000	-23.209	
1169	7.570000000	-22.831	
1170	7.575625000	-22.970	
1171	7.581250000	-23.872	
1172	7.586875000	-25.488	
1173	7.592500000	-28.384	
1174	7.598125000	-33.794	
1175	7.603750000	-43.772	
1176	7.609375000	-32.623	
1177	7.615000000	-27.426	
1178	7.620625000	-24.458	
1179	7.626250000	-22.740	
1180	7.631875000	-21.782	
1181	7.637500000	-21.415	
1182	7.643125000	-21.658	
1183	7.648750000	-22.617	
1184	7.654375000	-24.430	
1185	7.660000000	-27.442	
1186	7.665625000	-32.826	
1187	7.671250000	-49.348	
1188	7.676875000	-33.973	
1189	7.682500000	-27.752	
1190	7.688125000	-24.422	
1191	7.693750000	-22.448	
1192	7.699375000	-21.232	
1193	7.705000000	-20.744	
1194	7.710625000	-20.884	
1195	7.716250000	-21.636	
1196	7.721875000	-23.061	
1197	7.727500000	-25.321	
1198	7.733125000	-29.231	
1199	7.738750000	-37.373	
1200	7.744375000	-38.728	
1201	7.750000000	-29.380	
1202	7.755625000	-25.398	
1203	7.761250000	-23.212	
1204	7.766875000	-21.937	
1205	7.772500000	-21.479	
1206	7.778125000	-21.470	
1207	7.783750000	-22.138	
1208	7.789375000	-23.501	
1209	7.795000000	-25.590	
1210	7.800625000	-28.856	
1211	7.806250000	-33.908	
1212	7.811875000	-34.657	
1213	7.817500000	-29.548	
1214	7.823125000	-26.049	
1215	7.828750000	-23.953	
1216	7.834375000	-22.719	
1217	7.840000000	-22.165	
1218	7.845625000	-22.148	
1219	7.851250000	-22.700	
1220	7.856875000	-23.907	
1221	7.862500000	-25.822	
1222	7.868125000	-28.642	
1223	7.873750000	-32.133	
1224	7.879375000	-33.500	
1225	7.885000000	-30.705	
1226	7.890625000	-27.784	
1227	7.896250000	-25.700	
1228	7.901875000	-24.281	
1229	7.907500000	-23.421	
1230	7.913125000	-23.065	
1231	7.918750000	-23.369	
1232	7.924375000	-23.915	
1233	7.930000000	-24.938	
1234	7.935625000	-26.041	
1235	7.941250000	-26.774	
1236	7.946875000	-26.735	
1237	7.952500000	-26.060	
1238	7.958125000	-25.168	
1239	7.963750000	-24.530	
1240	7.969375000	-24.155	
1241	7.975000000	-23.915	
1242	7.980625000	-24.032	
1243	7.986250000	-24.435	
1244	7.991875000	-25.157	
1245	7.997500000	-25.808	
1246	8.003125000	-26.162	
1247	8.008750000	-26.129	
1248	8.014375000	-25.818	
1249	8.020000000	-25.255	
1250	8.025625000	-24.750	
1251	8.031250000	-24.461	
1252	8.036875000	-24.428	
1253	8.042500000	-24.606	
1254	8.048125000	-25.005	
1255	8.053750000	-25.531	
1256	8.059375000	-25.851	
1257	8.065000000	-25.790	
1258	8.070625000	-25.398	
1259	8.076250000	-24.773	
1260	8.081875000	-24.045	
1261	8.087500000	-23.473	
1262	8.093125000	-23.202	
1263	8.098750000	-23.219	
1264	8.104375000	-23.515	
1265	8.110000000	-23.932	
1266	8.115625000	-24.433	
1267	8.121250000	-24.645	
1268	8.126875000	-24.429	
1269	8.132500000	-23.772	
1270	8.138125000	-23.037	
1271	8.143750000	-22.587	
1272	8.149375000	-22.355	
1273	8.155000000	-22.347	
1274	8.160625000	-22.636	
1275	8.166250000	-23.382	
1276	8.171875000	-24.304	
1277	8.177500000	-25.404	
1278	8.183125000	-26.018	
1279	8.188750000	-25.615	
1280	8.194375000	-24.373	
1281	8.200000000	-23.111	
1282	8.205625000	-21.949	
1283	8.211250000	-21.325	
1284	8.216875000	-21.058	
1285	8.222500000	-21.159	
1286	8.228125000	-21.629	
1287	8.233750000	-22.523	
1288	8.239375000	-23.611	
1289	8.245000000	-24.683	
1290	8.250625000	-24.984	
1291	8.256250000	-24.414	
1292	8.261875000	-23.325	
1293	8.267500000	-22.161	
1294	8.273125000	-21.212	
1295	8.278750000	-20.505	
1296	8.284375000	-20.253	
1297	8.290000000	-20.412	
1298	8.295625000	-20.975	
1299	8.301250000	-22.070	
1300	8.306875000	-23.459	
1301	8.312500000	-24.650	
1302	8.318125000	-24.866	
1303	8.323750000	-23.803	
1304	8.329375000	-22.207	
1305	8.335000000	-20.801	
1306	8.340625000	-19.842	
1307	8.346250000	-19.367	
1308	8.351875000	-19.368	
1309	8.357500000	-19.855	
1310	8.363125000	-20.714	
1311	8.368750000	-21.917	
1312	8.374375000	-23.580	
1313	8.380000000	-24.948	
1314	8.385625000	-25.151	
1315	8.391250000	-24.078	
1316	8.396875000	-22.577	
1317	8.402500000	-21.212	
1318	8.408125000	-20.280	
1319	8.413750000	-19.825	
1320	8.419375000	-19.651	
1321	8.425000000	-19.949	
1322	8.430625000	-20.660	
1323	8.436250000	-21.685	
1324	8.441875000	-22.959	
1325	8.447500000	-24.088	
1326	8.453125000	-24.363	
1327	8.458750000	-23.536	
1328	8.464375000	-22.457	
1329	8.470000000	-21.430	
1330	8.475625000	-20.761	
1331	8.481250000	-20.407	
1332	8.486875000	-20.515	
1333	8.492500000	-21.122	
1334	8.498125000	-22.296	
1335	8.503750000	-24.000	
1336	8.509375000	-25.735	
1337	8.515000000	-26.490	
1338	8.520625000	-25.470	
1339	8.526250000	-23.742	
1340	8.531875000	-22.143	
1341	8.537500000	-20.979	
1342	8.543125000	-20.343	
1343	8.548750000	-20.251	
1344	8.554375000	-20.634	
1345	8.560000000	-21.484	
1346	8.565625000	-22.995	
1347	8.571250000	-25.252	
1348	8.576875000	-27.650	
1349	8.582500000	-27.807	
1350	8.588125000	-25.506	
1351	8.593750000	-23.055	
1352	8.599375000	-21.316	
1353	8.605000000	-20.202	
1354	8.610625000	-19.632	
1355	8.616250000	-19.545	
1356	8.621875000	-19.983	
1357	8.627500000	-20.958	
1358	8.633125000	-22.714	
1359	8.638750000	-25.493	
1360	8.644375000	-29.623	
1361	8.650000000	-31.731	
1362	8.655625000	-27.547	
1363	8.661250000	-24.090	
1364	8.666875000	-21.630	
1365	8.672500000	-20.051	
1366	8.678125000	-19.129	
1367	8.683750000	-18.731	
1368	8.689375000	-18.795	
1369	8.695000000	-19.368	
1370	8.700625000	-20.504	
1371	8.706250000	-22.329	
1372	8.711875000	-25.044	
1373	8.717500000	-28.784	
1374	8.723125000	-31.819	
1375	8.728750000	-29.428	
1376	8.734375000	-25.875	
1377	8.740000000	-23.351	
1378	8.745625000	-21.731	
1379	8.751250000	-20.891	
1380	8.756875000	-20.463	
1381	8.762500000	-20.605	
1382	8.768125000	-21.304	
1383	8.773750000	-22.507	
1384	8.779375000	-24.533	
1385	8.785000000	-27.408	
1386	8.790625000	-30.120	
1387	8.796250000	-29.566	
1388	8.801875000	-26.731	
1389	8.807500000	-24.134	
1390	8.813125000	-22.409	
1391	8.818750000	-21.244	
1392	8.824375000	-20.745	
1393	8.830000000	-20.679	
1394	8.835625000	-21.093	
1395	8.841250000	-22.129	
1396	8.846875000	-23.758	
1397	8.852500000	-26.496	
1398	8.858125000	-31.408	
1399	8.863750000	-41.190	
1400	8.869375000	-33.326	
1401	8.875000000	-27.211	
1402	8.880625000	-23.861	
1403	8.886250000	-21.929	
1404	8.891875000	-20.670	
1405	8.897500000	-19.972	
1406	8.903125000	-19.800	
1407	8.908750000	-19.979	
1408	8.914375000	-20.759	
1409	8.920000000	-22.211	
1410	8.925625000	-24.473	
1411	8.931250000	-28.350	
1412	8.936875000	-37.230	
1413	8.942500000	-38.350	
1414	8.948125000	-28.698	
1415	8.953750000	-24.508	
1416	8.959375000	-22.107	
1417	8.965000000	-20.713	
1418	8.970625000	-20.018	
1419	8.976250000	-19.906	
1420	8.981875000	-20.265	
1421	8.987500000	-21.274	
1422	8.993125000	-23.090	
1423	8.998750000	-26.195	
1424	9.004375000	-32.219	
1425	9.010000000	-50.618	
1426	9.015625000	-30.911	
1427	9.021250000	-25.528	
1428	9.026875000	-22.634	
1429	9.032500000	-20.832	
1430	9.038125000	-19.834	
1431	9.043750000	-19.422	
1432	9.049375000	-19.418	
1433	9.055000000	-19.932	
1434	9.060625000	-20.979	
1435	9.066250000	-22.338	
1436	9.071875000	-23.596	
1437	9.077500000	-23.807	
1438	9.083125000	-22.568	
1439	9.088750000	-20.740	
1440	9.094375000	-19.054	
1441	9.100000000	-17.721	
1442	9.105625000	-16.818	
1443	9.111250000	-16.316	
1444	9.116875000	-16.069	
1445	9.122500000	-16.281	
1446	9.128125000	-16.801	
1447	9.133750000	-17.687	
1448	9.139375000	-18.883	
1449	9.145000000	-20.311	
1450	9.150625000	-21.646	
1451	9.156250000	-22.051	
1452	9.161875000	-21.645	
1453	9.167500000	-20.703	
1454	9.173125000	-19.725	
1455	9.178750000	-19.099	
1456	9.184375000	-18.796	
1457	9.190000000	-18.879	
1458	9.195625000	-19.361	
1459	9.201250000	-20.185	
1460	9.206875000	-21.225	
1461	9.212500000	-22.270	
1462	9.218125000	-22.868	
1463	9.223750000	-22.446	
1464	9.229375000	-21.439	
1465	9.235000000	-20.305	
1466	9.240625000	-19.349	
1467	9.246250000	-18.707	
1468	9.251875000	-18.361	
1469	9.257500000	-18.437	
1470	9.263125000	-18.813	
1471	9.268750000	-19.400	
1472	9.274375000	-20.120	
1473	9.280000000	-20.626	
1474	9.285625000	-20.716	
1475	9.291250000	-20.286	
1476	9.296875000	-19.539	
1477	9.302500000	-18.731	
1478	9.308125000	-18.092	
1479	9.313750000	-17.731	
1480	9.319375000	-17.645	
1481	9.325000000	-17.854	
1482	9.330625000	-18.320	
1483	9.336250000	-18.976	
1484	9.341875000	-19.662	
1485	9.347500000	-20.056	
1486	9.353125000	-20.020	
1487	9.358750000	-19.519	
1488	9.364375000	-18.745	
1489	9.370000000	-18.009	
1490	9.375625000	-17.500	
1491	9.381250000	-17.263	
1492	9.386875000	-17.343	
1493	9.392500000	-17.771	
1494	9.398125000	-18.485	
1495	9.403750000	-19.469	
1496	9.409375000	-20.538	
1497	9.415000000	-21.175	
1498	9.420625000	-20.985	
1499	9.426250000	-19.882	
1500	9.431875000	-18.609	
1501	9.437500000	-17.510	
1502	9.443125000	-16.712	
1503	9.448750000	-16.269	
1504	9.454375000	-16.202	
1505	9.460000000	-16.456	
1506	9.465625000	-17.140	
1507	9.471250000	-18.015	
1508	9.476875000	-19.128	
1509	9.482500000	-20.088	
1510	9.488125000	-20.366	
1511	9.493750000	-19.563	
1512	9.499375000	-18.319	
1513	9.505000000	-17.159	
1514	9.510625000	-16.318	
1515	9.516250000	-15.837	
1516	9.521875000	-15.756	
1517	9.527500000	-16.051	
1518	9.533125000	-16.718	
1519	9.538750000	-17.899	
1520	9.544375000	-19.599	
1521	9.550000000	-21.670	
1522	9.555625000	-23.213	
1523	9.561250000	-22.612	
1524	9.566875000	-20.731	
1525	9.572500000	-18.819	
1526	9.578125000	-17.423	
1527	9.583750000	-16.533	
1528	9.589375000	-16.114	
1529	9.595000000	-16.150	
1530	9.600625000	-16.716	
1531	9.606250000	-17.933	
1532	9.611875000	-19.751	
1533	9.617500000	-22.326	
1534	9.623125000	-25.340	
1535	9.628750000	-25.378	
1536	9.634375000	-22.462	
1537	9.640000000	-19.736	
1538	9.645625000	-17.837	
1539	9.651250000	-16.549	
1540	9.656875000	-15.862	
1541	9.662500000	-15.673	
1542	9.668125000	-15.996	
1543	9.673750000	-16.879	
1544	9.679375000	-18.456	
1545	9.685000000	-20.996	
1546	9.690625000	-25.102	
1547	9.696250000	-31.902	
1548	9.701875000	-29.570	
1549	9.707500000	-23.724	
1550	9.713125000	-20.339	
1551	9.718750000	-18.368	
1552	9.724375000	-17.155	
1553	9.730000000	-16.562	
1554	9.735625000	-16.540	
1555	9.741250000	-17.084	
1556	9.746875000	-18.254	
1557	9.752500000	-20.275	
1558	9.758125000	-23.634	
1559	9.763750000	-30.054	
1560	9.769375000	-43.759	
1561	9.775000000	-27.615	
1562	9.780625000	-22.440	
1563	9.786250000	-19.562	
1564	9.791875000	-17.806	
1565	9.797500000	-16.819	
1566	9.803125000	-16.412	
1567	9.808750000	-16.572	
1568	9.814375000	-17.227	
1569	9.820000000	-18.437	
1570	9.825625000	-20.403	
1571	9.831250000	-23.654	
1572	9.836875000	-28.999	
1573	9.842500000	-33.737	
1574	9.848125000	-27.240	
1575	9.853750000	-22.824	
1576	9.859375000	-20.113	
1577	9.865000000	-18.497	
1578	9.870625000	-17.572	
1579	9.876250000	-17.164	
1580	9.881875000	-17.254	
1581	9.887500000	-17.783	
1582	9.893125000	-18.901	
1583	9.898750000	-20.674	
1584	9.904375000	-23.446	
1585	9.910000000	-27.594	
1586	9.915625000	-31.052	
1587	9.921250000	-27.732	
1588	9.926875000	-23.921	
1589	9.932500000	-21.244	
1590	9.938125000	-19.549	
1591	9.943750000	-18.541	
1592	9.949375000	-18.035	
1593	9.955000000	-18.031	
1594	9.960625000	-18.528	
1595	9.966250000	-19.597	
1596	9.971875000	-21.216	
1597	9.977500000	-23.642	
1598	9.983125000	-27.370	
1599	9.988750000	-31.385	
1600	9.994375000	-29.543	
1601	10.000000000	-25.468	
